656945354374447104	champaign
656939523440549888	
656952309516226560	
656938866142793729	
656949970579410944	
656944324601651202	
656947014622646272	
656940149583036416	
656943638497198080	
656939821651337216	
656949710800973825	
656946121277841410	
656941472130928640	
656948164910559232	
656952420115677184	
656938539607805953	
656947961667174400	
656944861954752512	
656944845529989121	
656942046159224832	
656943256329170945	
656943069720387584	
656950628573253632	
656944192015486978	
656944071324364805	
656947509718306816	
656950567462268928	
656950475628093440	calvert city/gilbertsville
656940294634622976	
656949017734201346	
656948833642020868	
656783824949481472	san jose
656785690483650560	
656785683961544704	
656782660111568896	
656772404706988032	
656786519315894272	houghton south
656776036508536833	
656776007970492416	baguio
656778085790908416	
656746125773414400	
656748896735989760	
656755342345400320	
656752318839283712	
656742119273533440	
656748657828605952	grobeler park
656744454443966464	
656822119947456512	
656829126607794176	
656829097671131136	
656819365329899520	
656824883859460096	
656827247018442752	
656827131880677376	
656824008189595648	
656831950213263360	
656820854223974400	
656823361264291840	
656830277646467074	
656819596746428416	
656819492161527809	
656912303619575808	
656915205562101760	
656909552261009408	millwoods public health centre
656914934194794496	
656908585318916096	
656912819548508160	
656912789630513152	
656912765148200961	
656914243678154752	
656914202758664192	
656914201055744000	
656916697513897984	livemint
656916644258779136	
656910995579867136	
656913475940319232	
656913399104696320	
656909622499004416	
656909611623174148	
656921158218985472	
656919518539714560	
656916298870296576	
656913614230519808	
656916086890340354	
656919261894586368	
656911233149444097	
656908501285867520	
656908477386870784	
656908438023348224	
656908395740577793	
656917091631636480	london
656916965030809600	
656914622373478400	
656912071389544448	
656911934877495296	
656911883417554944	
656913039510347776	
656914072798146560	
656913906976346112	
656917304316461058	
656910443622105088	
656919067467448320	
656919066347573248	athens
656915834598739968	
656915811978891265	
656915664146403328	
656909021174177793	
656910292144824320	london
656910125270179840	soho
656918708883996672	
656930435461730304	
656930373104889856	
656924604473053184	
656930183870480384	
656923829265043456	
656923712663392256	
656927733050568704	
656927455807172608	
656936506939064320	
656928516274069505	
656936832211533824	
656936799219109888	charleston
656932643506929664	
656924872929624064	
656923027062542337	
656931024681750529	
656923395624296448	
656923333049479168	
656928261251792896	
656923658426847232	
656930598271983616	blackfoot
656930536104009728	
656932179713196033	
656932024851263488	
656937938924736512	
656937670627622912	auckland
656928020851101696	
656930922550460416	
656972670051946496	
656975564700430336	
656969110996168705	
656972153812840448	
656982250903334912	woodstock
656982092035805184	
656982088596500480	indiana
656980010440503296	
656976324549066754	
656971112706805760	
656971717127118848	
656971707110981632	
656971526923788288	
656968778882895872	
656975785526345728	
656971881094868992	woodstock
656980959720546304	
656974289791352832	
656980629029003264	
656979428434661376	
656979137056391168	lyons
656670723868610560	
656673393023033344	
656680364790845440	
656674587829121025	liloan
656675355340599297	
656681193077800960	union city
656681191970500608	
656669855106510848	
656806652419645441	
656814057308094464	
656811090647474176	
656811687148847104	abbott
656813799018766336	
656802302246780928	
656812899650949122	
656812847436058624	
656802507436392449	vienna
656812673791864832	
656805436952322048	
656812080641671169	
656817015496163328	
656808908195917824	
656805688048525312	
656805654556901380	
656803374474530816	alvernon
656813394985689088	buffalo
656813212998852608	
656685631775580160	
656688686181031936	
656695862400282624	rantoul
656684882186268673	
656692603505672194	
656891897361797120	
656882527240589312	
656882248520626176	riley library
656882235434360832	
656881597132705796	
656889680131035137	
656884031397756928	
656879802394087428	
656891294346690560	
656890964561170432	
656890958496206848	broadway
656877800209580032	
656885844989509632	
656887675601858560	
656892624477949952	
656881299114848256	
656885531033251840	
656878845308596224	
656878841475047424	
656840885003382785	athens
656836657291874304	
656833091546316800	
656836111998824449	
656837949061992449	athens
656841992111001600	charlottetown
656845660801511424	
656840417195855872	
656840383842775040	batchawana bay
656840367782952961	
656839198914183168	
656846998079827968	irvine
656846938327814144	
656838452244295680	
656843177752702976	athens
656793720675790848	montreal
656793575976542208	
656794266660814848	
656791872875208704	
656799014579511296	
656798999270289409	
656796036653035520	
656790033119211521	
656789113601925120	
656800576127246336	
656790016673361920	
656789934037159936	
656789839120113664	
656802077671186433	
656788461723197440	
656797963906363392	
656851832992432128	
656854027162943488	
656854828048588800	
656849063875207168	
656861718845464576	
656852313777172480	athens
656852309595525120	
656852263567134720	
656851404284383233	
656853799517073408	
656849451403845632	
656861073090420737	
656847780502224896	
656847778858016768	
656852905169940481	
656854993241141248	
656857425434312704	
656857242319241216	
656862094365716480	
656852668766253056	
656851022573412352	
656860209478942721	
656849964254023680	
656848556637167616	
656728332428427264	
656740639636373504	power-gen africa
656729015089152000	
656640780107321345	
656644899572482048	
656649880853725184	
656637876369682432	
656641803408547840	kinsey
656636649200336896	
656646067467849729	
656645192842375168	
656650988976140289	
656642898469986305	
656649069146673152	
656638327253110784	
656897147133018112	
656904761418129408	
656904549190488064	
656901728089063424	
656906428653969409	
656906398786301953	monterey county
656906337465585664	
656906673840328704	
656902410409938944	
656902304935903233	
656894708912885764	
656894521666621440	athens
656904436212568064	
656904350233686016	
656901240379613184	shaftesbury avenue
656898562865823744	
656904998111059968	
656904930284949504	
656904797656748033	
656903233189879813	
656903172968062976	
656903044211331072	leicester square
656903031880044544	
656896181868609537	
656896110364094469	lafayette
656896008601890816	
656902891689652224	
656902801965084673	
656907250099875840	
656907194282168320	old compton street
656907091731464197	
656893234568802304	
656893225333084161	
656902750077366272	
656901950156460034	
656899577715531776	
656896765849923584	
656897978939011072	
656905451787964416	
656905343717519360	
656902157694689280	
656905169356083200	
656903826461564928	
656905990139420672	
656905966185746433	
656903671784067072	ellensburg
656701972549009408	
656699294670413824	noordwyk
656706849656274944	
656699739996459008	kalamazoo
656706253901598720	
656709114559463424	
656709108871987200	
656697550783705088	midrand
656660042968494080	
656664473592287232	
656662805903372288	
656662782385999872	
656651221617369088	
656663392451624960	
656665499011411970	
656656582382592000	tennessee
656651715253415936	
656654647785033728	
656652550511398912	
656664138081439744	
656664082674614272	
656661976219697152	
656759821614473216	monterey county
656954863473967104	
656960372763660288	
656957988276580352	
656957675146780672	
656957103379230721	
656959401350311936	
656955005144985600	woodstock
656961270671761408	champaign
656961160076468224	
656956046448050176	
656963666693099520	woodstock
656963497679560705	monterey health dept
656967455756017664	
656963040768757764	
656956801162870784	
656965450304090112	
656955773105254400	
656955696135675904	woodstock
656954255824171008	
656966057543008256	
656955390991597568	
656627609242062848	
656625700854743044	parkersburg
656627437258694656	
656629856508186624	
656634531101962240	
656620983994875904	
656631658939052032	
656629193812385792	
656629155866394625	ferndale
656624272866066432	monterey peninsula
656624221800431617	
656630840428900352	
656629992659423232	monterey peninsula
656635634476560385	
656624940721033216	
656633266359808000	
656628884524371968	
656623414925463552	
656623299284344832	reiss
656718664024981504	
656721485034205184	
656718421300670464	
656715235626061824	machakos
656715174649331713	
656712553758720000	
656866942792413184	
656863430704562177	
656866516680376320	
656871543360761856	
656876033333850112	
656870863598321664	
656870636619337729	
656870601303265280	
656862771787780096	
656865998335676416	
656872403658653696	
656871733555687424	
656877538308956160	woodville
656877344100098048	ottawa
656867601130352640	athens
656875250173407232	athens
656874910271209472	
656864001360465920	
656863767507025920	
656863739107479552	kalamazoo
656217544622256128	
656219914596827139	
656217123132321792	
656215277294768128	
656218777927876608	
656222798826872832	
656215180574130176	
656224986214985728	
656223887215095808	
656219217964855296	
656225369595359236	madisonville
656222465039966208	
656228108874465280	
656218329862897665	manitoba
656216869431459841	
656214503638482945	
656221083784187904	union city
656215650872889344	
656048017783394304	baguio
656052767002226688	athens
656052725592031232	
656048932703748096	raleigh
656060645947920384	
656047267674066947	
656047193200152576	
656055414476419072	madisonville
656057317469896704	reedy creek
656060100981952512	
656058184625319936	
656018635949891584	
656017730202636292	
656025789847044096	athens
656021126116700161	
656020516868747264	manila
656019202495619073	
656099761343168513	baguio city
656093965964345346	
656104283126038532	
656098885933342720	new york
656095583514546176	
656106363504869377	
656094330948456449	
656094242608185344	
656106009140838400	karachi
656105962835603456	baguio city
656104211424243712	
656092460116873217	
656100681724600320	
656100520818421761	
656102597367959553	
656102571942256641	
656107372683784192	
656099236233269248	
656105108858535936	
656093802575351808	sedgefield
656103663018995712	meriden
656103654999633920	karachi
656187483122626560	
656187394765402112	
656184563841019904	
656187562659180544	
656185169905369088	
656185100347002880	
656184980721266688	
656196374971551744	
656194774945300480	
656193161149206528	
656197500009775104	
656188342401396738	
656190740733808640	
656187088820420608	
656195851421925376	
656189223104573440	
656184277944561664	richwood valley
656184092921307136	ithaca
656205506869088257	
656205273766346752	south reilly rd
656202125874188289	
656210117713657856	
656210439186075648	
656210422111084544	
656210250446409728	attn bay st lawrence
656208612700782592	
656205688956317696	
656210761807630336	
656209361115549696	texas
656200418419060736	
656209148233682944	springfield
656247874288660480	southern california
656247845989683200	k.c.
656250943156060160	
656250861912330240	
656248162718355456	
656246657529548800	
656245582395080705	
656249073335296001	
656257486916218880	
656251805244874752	port kembla
656254148896161792	
656254147403096065	
656251636193464320	
656254919129833472	
656258309779931136	
656248475948986368	kelseyville
656249579315163136	
656249481306894336	bay county
656245988655431680	
656254431579607040	flathead reservation
655948004898181120	
655948777149366272	
655943029056913408	
655942310643916801	
655946251586904065	
655946195311812608	
655946171299442689	
655946159026892800	
655945418698653696	
655950281788755968	
655943623985356800	shoreview
655955218207674368	
655943313921589248	monterey peninsula
655952171557482496	
655944245229002753	
655951838815064064	
655952863676399616	
655944940136960000	lomita
655946964643680256	
655946735370371073	
655942099808874497	athens
655949138551549952	
655951380369178628	
655951321032339456	
655950519656050690	overton
655946588783677441	
655946501508702208	
655944974714798088	
655954144843464709	
655954108734566400	
655944073753169920	
655943966496460800	
655952707652468736	
655952648600817668	
655942587639984128	limestone county
655943910519234560	
655952260745293824	
656084050029977600	
656084859316662272	
656079043884814336	
656079038168088576	clarksville
656082279937142785	
656083028893126656	
656079220657909762	
656083144785825792	
656080212858245120	
656084962949648384	
656092039801540608	
656080966281068544	
656090069552529408	clarksville
656086836599762945	
655970751154024448	
655970688075874305	
655957542783201280	
655968519117402113	
655968373092683777	
655962868249001984	
655965413809897472	
655959647153725440	french
655958618282455041	
655970402536173568	
655966235595706368	
655958536460050432	french
655956619042271236	
655967344712220672	
655959368412696576	
655967903578091520	
655957241221152769	athens
655964315040661505	
655966426239406080	
655963428616429568	marina
655960066118389760	
655958021906935808	
655959205338152961	carmel valley
656161512118231040	killarney
656157109898321920	
656160078685454337	
656167152978759680	
656164731204464640	
656161645777915904	
656154904948375552	
656166779664752642	monterey peninsula
656162424106582016	
656163534724685824	
656155639966756864	
656165049447395328	
656158131685167104	
656162797110231040	
656159120702115840	halawa
656158891500134400	
656154094634070016	
656160821215531008	
656166055484747776	
656166002380570624	
656114898804469760	
656112468402401280	
656111458825048064	
656119493215698945	
656119400014069761	monterey county
656113851407159296	
656116477775339520	athens
656113151155507200	
656121577361113088	
656109490215895040	decatur
656116086388183040	
656116079366766592	taft
656107660929052676	
656110438493503489	
656117792765181952	san mateo
656108148143599616	
656115270004645888	
656122502679252992	
656122231710334977	
656111724538548224	
656112698279653377	
656120218738143232	beirut
656113644623630337	
656117093192986625	
656119988219023360	meriden
656110192246018048	
656118822252908544	
656108755554299904	
656108586196561920	
656120487639035904	
656066737612304384	clarksville
656063217559564288	
656067080970706944	
656074028910710784	
656065064244518913	mon.
656072604923658240	
656073727549947906	parry sound
656072482655309824	
656072467501465600	
656077305626914817	
656066398242762753	maryland
656066317125091328	ilocos norte
656066263345594368	
656068463430123520	
656074607120642050	clarksville
656070262547333120	
656075441678082048	
656073254897999872	
656129231102038016	
656124318766747648	
656129765913432064	
656123565482250240	
656123530220703744	
656127592144093184	
656127524586459136	halawa
656127189008584704	
656126582486990849	
656129059559084032	
656136412652158976	
656136248516608003	
656136679837732864	
656135968739561472	
656134452947517440	
656133445601484800	
656128487938355200	
656134826467176448	killarney
656123022659612672	
656133046123429889	
656134056350842880	
656126030508224512	
656129650905731072	
656128909256187906	
656135057439092736	
656123939807059968	
656133479634194432	
656015947535245313	
656015638972858368	
656015449205964800	
656011565750030336	
656002069556391937	monterey peninsula
656012520189067265	
656005271907639296	
656011974057312256	
656002378920034304	
656005905851400193	
656005554540711936	
656014535128694785	
656014195264126976	
656009849377980416	
655915673747652608	baguio city
655917810384670720	monterey peninsula
655918725535678464	monterey county
655918637832929280	wilbraham
655925394634223616	
655916211297894400	
655915917147271168	
655920190052433921	monterey peninsula
655913394940186624	
655924834371637248	
655920879692451840	monterey
655921923717619712	
655921847431659520	monterey co.
655917138608312321	
655914022261276673	
655911631419932672	
655921653726052352	monterey
655921316692930560	
655925806384947204	monterey
655925725317304320	
655916574352789504	
655926088753938432	
655925910995013632	baguio city
655915356045750272	wilbraham
655916409952690176	
655924030046732288	
655923973138481152	
655923972287021056	
655914002074107904	phoenix
655922526741073920	
655924141971763200	
656175028631945221	
656168886480564224	
656168873473867776	
656168773741735937	
656172726734950400	
656172643377287168	
656172543724777472	
656171940898578432	
656176841909121024	
656176813346037761	
656170092837904384	
656173495483801600	chicago
656181835890712576	
656169753044721664	thika
656179687811452928	
656178663881330689	holland centre
656178602371756033	
656170712755929088	
656180085435666432	
656180072693542913	
656178498294321152	
656173241304662016	
656177755449524224	
656173149931728896	
656171654062542848	canyon city
656171550186577920	
656180583203229697	
656177331803934720	bakersfield
656179085010448384	fairbury
656180847049965568	
656170342742790144	
656170316972998656	
655976161990676481	lower valley
655978413954461696	
655972604075880448	
655975645453926400	
655978080570183680	
655980528357654529	athens
655973852351098880	
655985228536610817	
655977187347009536	
655985620188160000	san mateo county
655973481171914752	
655980016686096384	
655982282163884032	
655982224404144128	
655979833336303616	
655983953006821376	
655983950238605312	
655982053842812928	
655982035991814144	
655975138609901568	
655980890292510720	
655975894901653504	
655975892275982336	san mateo county
655976838842425344	
655981129841946624	metro manila
655984111140507648	
655974395865878528	
655974277565444096	
655974178869215232	
655982904690872320	bagnalls rd
655979569275531265	metro manila
655974148422807552	
655935018775154688	
655930726429368320	
655933102007521280	
655927996260290561	
655940671610621952	
655931230060486656	
655931135583612928	phoenix
655938368111562752	
655935378482855936	
655931876645978112	
655936084845531136	
655935911394283520	
655928193887547392	monterey
655939871945551872	
655938128226611200	
655934412001931264	
655926767874535424	
655937674591600640	monterey
655929732987379712	
655940855140757504	
655940823981256704	wilbraham
655931748128157696	
655935593113718785	
655935502172987392	
655933281129488384	
655930570715697152	
655931452773806085	alabama
655930037535793152	
655939120020107264	
655939019612643328	
655932491698708480	east limestone
655938762619252736	monterey peninsula
655937561517535232	phoenix
655937474426875907	
655927572157636608	
655937329110999040	limestone county
656033709204897792	
656039136835465216	
656036584991494144	monterey peninsula
656041673567416320	
656042305313353728	
656041244825513984	
656039071324766208	
656044854791639041	baguio city
656229994662748160	
656242661544738816	
656233168282873856	
656240239938179072	
656242255683039232	
656242192239890433	
656236675203358721	
656239710034141184	
656231642537807872	highland
656233728298106880	highland
656235252134768640	
656243085400240128	worcester
656232421017407488	
656229741993660417	sunnyside
655900556838371328	
655897885322575872	
655903257160581120	
655910320171544576	
655910271412600832	
655901170188161024	
655900692658454528	
655902664388050948	
655901694669099008	
655910157692436480	
655909999680561152	
655909614907604992	
655909588097568768	baguio city
655907897595924485	
655896421317681152	
655907548076228608	
655906421884583936	
655906382554632192	
655910581271142401	
655905978307620864	phoenix
655910887883051008	
655900255041536000	
655901206259216384	
655899788764823552	
655899689179418624	
655902211940220928	
655897614915903488	
655898462215643137	
655906971237789697	
655993520944058368	
655991413507686400	
655993062544404480	
656000294896058368	
655998510198857728	
655986903460790272	
655987100873920512	
655997097951428608	
655992174501203968	san mateo county
655987431850700800	
655987260542730241	monterey county
655993598488412160	
655990851026440192	monterey peninsula
655990420921413632	
655990321222963200	
655992963005202432	
655992924631502848	
655992898563911680	
655992860752261120	
655999237482807296	
655998020501135360	
655997902766997504	
655989221396623360	
656144519981723648	
656144432077668352	pocahontas county
656144285767770113	
656139449382731777	
656144924014870528	
656138618663211008	
656142662295162881	
656143315134455808	
656143303306563584	
656147495337238528	
656147459333312512	
656139667239112705	
656137934672936960	
656137843002052608	
656138141259075584	
656138093771280384	
656138045423398913	raleigh
656148251834490880	
656141149158133760	
656152269331664896	
656143017393307648	traverse city
656147742637576192	carmel
656147692960153600	
656142004640813056	
656142902133813248	raleigh
656150329734615040	
656150317185167360	
656147220421562368	
656147150531747840	
656150161815662592	
656140396183973888	kalihi
656138987036217344	halawa valley
656584231653658624	
656582330329358336	parkersburg
656583116161687552	
656582913790636032	
656582790927032320	
656580554675109888	
656584663566295040	kalamazoo
656584438558490624	
656575823487574016	
656583396592898048	
656590630009896960	
656579880818184193	
656586746864541696	
656588793882005504	parkersburg
656576631838904320	arlington
656586658226282496	nigeria
656421173358628864	
656409567098740736	
656414988010201088	
656424287331622912	east sahara
656413717932974080	
656413244547055617	bonne bay
656380889127981056	
656379505192243200	
656382213488050176	
656391408555794432	
656379806616023040	
656390670370762752	kzn
656386921518747649	
656389318433333248	
656391869065248768	
656455797187088384	
656458776086773760	
656466854731317250	
656463709057847297	
656463670671724544	helotes
656468865585651712	
656463228864610306	san antonio
656465613334810624	
656460731219619840	
656455080548442112	
656465198140825600	
656466200684195840	
656458311588552704	
656458249101836288	richmond
656469319036084224	
656464051166273536	
656461633674477568	europe
656456287849443328	
656457351906594818	
656462847841439744	
656455845375582208	
656467844880846849	
656550026953396224	greenwood
656557020934352896	
656545551190765568	
656556968631402496	
656559965130379268	
656549487956094976	
656549112569991168	
656558142579482624	
656558104692269057	wyoming
656554959324868608	labarre road
656558653886087168	
656546569433448448	
656558428467302400	
656564822687936512	
656565460968873984	johnson county
656567034206027776	
656569446618779648	
656562538126135296	
656574265135906816	
656566344767279105	benicia
656563839409004545	
656566047827472384	
656561269466603520	
656561127262846976	west long branch
656561126512037889	pueblo
656570446108749824	
656565575888474112	west long branch
656566607343435777	
656566560086171649	
656573071642509312	
656563167280107520	
656573460429279232	kalamazoo
656571358927679488	
656608842030170112	
656608021255073792	
656619421130227712	wyoming
656619863226646529	
656606052201271296	
656606010702852096	sigourney
656605903454674945	
656611824616378369	
656611814684381184	
656609261523341312	
656620250587226112	
656615051932147713	
656612709467713536	belen
656620530334720004	
656613629907759104	
656312532735496192	
656304677080944640	
656304611217641473	
656312835916570624	
656309402161405952	
656312331656437760	
656314631946792960	
656306683493224448	
656310079453425664	
656317092539400192	
656304931226390529	
656446450449186816	essex county
656440577567928320	
656448598973001733	
656442892949573633	
656453727491067904	
656453100321021953	
656450424438788097	
656454230983618560	
656448995733217280	la salle
656452617342754816	
656452571842805760	
656450715699777536	castlefield
656325496574119936	
656326333560168448	inkopolis
656322182604128256	
656322055961317376	
656321976173137920	
656327245443657728	
656324740118777857	
656329202753388544	
656321515005210624	
656321472462483456	
656321469140496384	
656332137306726400	
656516872351821824	
656529518249836545	
656524216842506240	
656518264449662976	
656517439262339072	hampton
656529187839217665	ellensburg
656524904553054209	old metairie
656517183401496576	
656527365615423489	
656529593499844608	oakhurst
656515847184236544	
656529952804761600	
656520445089320960	ellensburg
656521333535350784	
656516712255258624	ellensburg
656516675823472640	
656528336060076032	tenleytown
656528335120416768	jefferson parish
656516335682215936	
656516292749492224	
656477456254242816	
656484233645428737	
656484221641355264	
656474529280204801	pretoria
656473911744401408	
656473839963107328	
656483763593940992	
656481639409782784	
656480657649086465	
656480516875546624	
656477975148384256	
656480232069697536	
656479734872731648	
656474157463568384	
656474107341500416	
656479447600644096	
656481153591869440	
656480779258765312	
656429023615143936	
656426207504957441	
656431897132691456	
656426837812363264	
656435965813067781	
656428040336113664	
656430129720217600	
656430109411295233	
656430002498641920	
656425354832162816	
656425183029268480	
656431473927450625	
656426088478978048	
656435710539370496	
656491676169465856	
656486647886843905	
656489773423566848	
656489691575926784	
656498833715822592	calais
656490957395898368	utown
656492774376783873	
656492603735588864	shenandoah
656491140477140993	
656492833814147072	upper sandusky
656486059371397120	
656495974819471364	
656367418441232385	penn
656366411598565376	wolli creek
656378173857247232	
656374831957479425	
656371796845854721	
656379242414891008	
656277521131024384	
656282544715919360	
656276480670887936	
656278680151420928	
656274827154624512	thornbury
656274692727160833	
656286468663570432	
656531965198229504	
656536843723214848	austin american
656536772919300096	manitoba
656530566939070464	montgomery county
656538592269893632	kelseyville
656542412999757824	parker
656540553975328768	
656535766378508288	
656539556527800320	
656537298486493184	
656545103779991552	
656544990202580993	calais cres
656544929460690945	woodway
656533887477112832	
656543003499040768	
656536470707007488	
656542828781281284	liloan
656532987870388224	
656532869423235073	
656538225419251712	
656531497260875776	whalepond road
656541274170785792	
656334850358571009	
656338661022265344	
656337960728563712	
656347758274605056	
656348548359966720	
656344922199470080	
656295407610281985	
656289651527958530	
656300594882334720	
656291795006062592	
656294335378427904	kelseyville
656298302174949376	drake
656288738625101824	
656299437115985921	
656294525145608192	
656296927819005952	monterey peninsula
656300891226677249	
656299176477761536	
656299124841697280	scarborough
656299097800900608	
656292225056243712	
656297848351404037	
656297831326617601	
656295671251599361	quirino
656294936577380352	
656294887944417280	aurora
656290044064329728	
656296609680982016	
656299683749322752	
656399130030280704	
656400034775171072	
656404182333722624	
656396237164277760	
656404848489967616	
656400521389981696	penn
656395871265947648	
656395611806171136	
656604972323246080	
656591492480397312	kalamazoo
656597099874775040	
656599579329196032	
656592514086924288	
656601361883246593	
656593988527484928	
656600968679813120	mangaluru
656605100459188224	
656605759636025344	
656605572066844673	
656595979517362176	
656596779056525312	
656593315081523200	
656591928339750912	
656265859736866816	laguna
656263076703006720	north shore
656263063105073153	
656264867368714241	parramatta
656267465480085504	calvert city-gilbertsville area
656260735341826049	
656273117095055360	
656266227623555072	
656266081229631488	
656268466970861569	
656273418598371328	north shore
656273139710717953	
656262647139143680	
656267862923866112	marshall county
656267861879422976	union city
656271453277573120	
656353784294187008	
656355659995181057	
656352325724864513	monterey peninsula
656352203494391808	
656355056208379904	sahara
656357060859203584	
656362343614382080	
656362252371542016	bexley north
656360160776982528	liloan
656504502560948224	
656514434911744001	
656504075421417472	belhaven
656503211130384386	
656503175663525888	batangas
656513814435786752	
656513973848682496	austin
656513543349530624	
656508662001725440	
656500161481347073	
656505928280248320	
656508344195284992	
656502936588132352	
656511594965286916	
656510301710499842	
656500678517362688	
656500638658920448	
656510142054309888	
656509969169305601	
656509209983385600	
656504168257994752	
656509529111269376	
656512479560777728	ellensburg
656512462448029696	
656501524307120129	
656511427620933632	ellensburg
656511016348463104	city park
657671416561598464	
657667228679036928	
657670261899001856	jugiong
657663632570982400	
657667470770216960	puerto rico
657666801308975104	carniege
657674494807441409	
657662793835937792	kent county
657674940154404864	
657677133578285056	
657677129753063424	
657677612584599553	tumut
657677534025256960	
657665491880710144	
657675647091802113	
657503411185647616	middle road
657508960107393024	
657511491654934528	
657500267177361408	
657499446293336064	
657478083998433284	
657476815028535296	
657467015062360065	
657550708040945664	
657546500474585088	cambridge bay
657549217272045569	
657549115123888128	burleson
657554006085148672	
657550899657707520	
657545077624041472	
657555792774696960	
657555764773593089	dport
657555948270166016	
657543897380466688	
657542481412816896	kingman
657542295068106752	
657552448836403200	
657552175149752321	
657556497308618752	
657551994660392960	
657557081822658561	
657557013258440704	
657556948196327424	
657548801742270464	
657556586978611200	
657547035328053248	
657545617158213632	
657554816508399616	
657554589001097217	
657543334823612416	
657549886305361920	
657554998285500416	
657554952613724160	
657639831653122048	
657633367236677633	
657646197415526400	puerto rico
657638331304423425	
657632671409922048	
657643316662525952	
657638851624771584	
657633898898153472	
657643756649246720	puerto rico
657640476086964225	houston
657645647294803968	
657645599072911361	
657661983928381440	bowie
657661892694003717	
657652318284967936	
657649705329909760	puerto rico
657656222045351940	
657647858649141252	
657658430212149248	
657658310074761217	pico blvd
657653709560762368	
657650543540596736	
657647959723610112	
657662359373238272	
657660452902694916	
657648687791919104	
657699680369942528	halle
657700498800160768	halle
657700098533535744	
657700031055589378	
657701872267108352	
657706837983281152	
657702562360119296	halle stadium
657703628212432896	halle
657701176008306688	
657703514735550465	
657696443235500032	asaba
657702258222723072	
657698195858964480	bowen island
657704088889663489	prineville
657694121411239936	
657695486208528384	
657395366275497985	buffalo
657398411151429632	
657398294700761088	
657395611646480384	
657397524127444992	
657392807552815104	
657396962648428544	
657405373553491968	
657391577439051776	
657403879768891393	
657527849704755200	
657530867686903809	
657530848573550592	
657529088987369472	
657528926076608512	
657532530497687553	
657536468437463041	
657540259828269057	
657535411254906880	
657535314001457152	
657535189095051265	
657527025784233985	
657532851265622016	
657529688097759240	
657539073897295873	
657538982448902144	ellensburg
657537217611591680	
657541439497199617	
657534576332402688	north moorhead
657536082368704514	pimlico
657541761221263360	
657541682737451010	
657530991418826752	yankton
657534920902836224	
657534731966287872	
657410407804620800	
657419660158111744	
657414623474257920	
657420942084190208	
657415514591916032	
657418486524858368	new delhi
657407548572614656	
657606661482262528	
657609607683051520	creek
657611284624465920	
657611196175097856	billerica
657604437045850112	
657608079853293568	
657604197098106880	maynooth
657602482416263168	
657610584825962496	
657605288116142080	kent county
657614648104067072	
657616804156575744	
657607828031434752	letterkenny
657610008100761600	
657611564640432129	porter creek
657611468066525185	
657609351671226368	
657617026802937856	
657607627153653760	
657608500181356544	
657603426193244160	
657604853644963840	
657613269687910400	
657565865496281089	
657565840355627009	
657565812752973824	fayetteville
657561507354529792	
657561471094681601	
657563871239122945	
657564509297618944	
657558721648680960	
657571314954186752	
657561083033571328	
657560867656105985	
657559246725185536	
657559152592560128	
657570881653354496	
657562771941363717	
657562742937681921	
657571117876445184	
657571102722404352	
657566892391972865	
657558866062917632	
657570475002826752	monterey
657565454202970114	
657562972374470657	
657569371037020161	
657569369673760768	
657569189138305024	
657557527236902912	
657567211184254977	
657562579447889920	
657564751304761344	
657567049963712512	
657567040178229248	
657572092498448385	
657572070335713280	
657571834771050496	
657571774398205952	
657562270675767296	
657562206465208320	
657560809111994368	
657560624097005569	
657569877864136704	
657563360431443968	
657563348175753216	
657566420017004544	
657569617640996864	
657569544337293312	singapore
657569540008779776	
657558562743304192	
657558347374157824	
657568363900633089	
657570409726894080	
657558213118705664	
657558174895968256	
657570127433433089	
657570029983010816	
657569961993355264	
657559569158156288	
657559464191524864	
657559349670359040	
657568133667012608	
657526062914654208	
657512550133706752	
657516694739402752	
657516511637037056	preston
657515726836781056	
657523831347814404	
657523691786489857	
657518077907771392	
657525754520076289	
657523486051708928	
657522471768297472	maynooth
657524006564683776	wabush
657526248030253057	
657526600964046848	
657526540247261184	labrador west
657526396496035840	
657524570136547328	
657524442227154949	
657524389060214784	
657514529476079616	
657519606140162048	
657514090747793408	
657580861852794880	
657578848490561536	
657578846095413248	
657578763803213824	comstock park
657579510921998336	
657573809722126337	
657573767783157760	
657573766466179072	pasadena
657573114641969153	
657572944940371968	
657576947317280768	
657576890698326016	
657576172201504768	
657576048222011394	new leaf
657574332852523008	
657574295439171584	
657577881623592960	
657581949230321664	
657572346736185344	
657572273549742080	
657582944660262912	
657582912112472065	
657575078662664192	
657584430760919041	
657572672113500160	
657572593323524098	
657572465959301120	
657583643611627525	
657583619867721729	
657582499359363072	
657582302352928768	
657572770872561664	
657572760349048832	
657582080495239169	
657581276216623104	
657587152247631873	
657579066057338880	
657576455107399680	
657577445508317184	
657581512594866176	
657573638011392000	
657573595976110080	
657573564577550336	
657574834524790784	cape dorset
657574737720176641	
657583455539105792	
657580200113274880	
657580127040249858	
657580029048557568	monterey
657580027278548992	davenport
657585308595171328	
657573420113113088	
657573348717686784	
657574604744105984	
657463820022104064	north texas
657362458617774081	cambridge
657365333133496320	
657374341030682624	
657371552380526592	walton
657372195451215872	
657361393708994560	
657375606875688960	
657373449103368193	
657373130596491264	fort worth
657362099383857152	
657362025392156672	
657363165429239808	
657363113440751616	
657626118875316224	
657626047039610880	
657621978505854977	
657621919211089921	
657621881869066240	
657621852706074624	
657624272462987264	bangalore
657624237813796864	
657624803864502273	
657624796407042049	
657619136416215040	
657624589221154818	
657621374371012608	
657621356322754560	
657623845310869504	puerto rico
657623844048408576	
657620741056131072	
657619633634082816	
657623124100280321	san juan
657631523043086336	
657629170491457536	
657628190387507200	puerto rico
657623435808387072	
657625734433759232	
657629782989910016	
657629607835926528	
657620859998355456	
657627670742568960	puerto rico
657631996617826304	
657622787213799424	
657627460314513408	frisco
657632083477557248	
657621593938526208	
657621563446009857	
657621545053892609	tyler
657621056056860673	
657623553269825536	
657620145263652864	
657628582605225984	tx
657630383224176640	
657619792602382336	
657619767587643392	
657628464862724096	
657422075120910336	
657426967428399104	
657421195931848704	
657421905163452416	
657424808385187840	
657423482863489024	
657432130226487296	
657432065248366592	
657384601527037952	
657376684522385408	
657384780615450625	
657379129667493888	
657379057475145728	
657389525421785089	
657389316893769728	
657389234836393986	
657376049966157824	
657378745385406464	
657376219386785792	
657376196267642880	dallas
657379396664201216	
657381125564801024	st. george
657382025616162816	
657382017290518528	
657385242148245504	
657386981182193664	
657388820636110848	
657388740092923904	
657386842505920512	
657482341934342144	
657495205860368384	
657493344314982400	
657691991128612864	
657682860149616640	
657680098380914689	
657680661508059136	woodstock
657690064043032576	
657678286634397700	u.s.
657688418026065920	
657689367289462788	
657688145950089216	woodstock
657692389155311617	
657692341873082368	
657683208335560704	
657678446378811394	
657681499337060352	
657687279650119682	
657679215853109248	
657688979039494144	
657354643106828288	
657359289422446593	
657355325314482176	
657348514758926336	kinsey
657349280819101696	
657351873498882048	
657348232478068736	
657353693851881472	
657440807318786048	
657439068389707776	
657444206697312256	
657449370716119040	
657594654855049217	
657594623053856768	
657592116709711872	
657592088213610497	central street west
657596177957847040	
657589307520057346	
657601088854491136	
657593066170089472	
657593019399434240	
657596957808984064	
657589105962938369	
657599075555000320	
657598937428135936	
657587452975017985	
657593072868429824	
657599377486147584	
657597818832580609	
657590666571022336	haldimand county
657592594537447425	
657597159156486144	
657602184670908416	
657602026247950336	
657591002140553216	
657590884834418692	
657596775985889281	
657596604493393920	
657596603235045377	
657598210404257792	
657598124848906240	texas
660562709029588992	
660566478459002880	
660565110180589568	
660564909017710592	
660573634117943296	
660562068496486400	
660564867980595201	greenstone hill
660573996727963648	
660576357336772608	
660576356137218048	elkhart
660574223245713408	
660573086761242624	grand bahama
660564347995992064	
660409821514956800	
660405924905926656	
660408597193474048	
660402014325596160	
660375331329568768	ireland
660377784842350592	
660380298136285184	
660378278868475905	lagos
660378243313172480	
660448582911168512	maroochydore
660444274400489472	
660449639150149632	
660441267050942464	winnipeg
660441411637125120	
660441604637896704	
660448874608402432	oshawa
660452008663646209	
660538430665920512	
660545909579579392	
660535612189995009	
660537397457739776	elkhart
660539793248354304	saanich peninsula
660532131773435908	
660542163219009537	nelson stadium
660543224063373312	
660535036647600130	
660535004909461505	
660532258810429440	
660532249813618688	
660535798228320256	
660536938907041792	
660544341581000704	
660541169835773952	hulu
660534277524836352	
660539577212366848	
660532896038387712	elkhart
660532744032620544	
660554273068064768	
660553967496208385	
660561005668265984	
660551739419009024	
660558806804393984	
660558706753474560	
660549931317518338	
660552508972994560	
660557363389136896	
660554953186897920	
660556951156367360	
660561238145937408	
660554565452976128	
660559315737145344	
660554737608171522	
660596426435600384	boyne city
660593610446913536	surulere
660592867828609024	powassan
660594182805786624	surulere
660606159934500864	louisiana
660606119891480576	
660605970444361728	
660605498115403776	allentown
660603653452128257	allentown
660595822334238721	
660605239129743360	
660291937405038592	
660301899569172480	
660301898524684288	
660290104527708160	
660301552696061954	
660293560315457538	
660300393780391938	
660305158224543744	
660304932122169344	
660439759228112897	
660439368088203264	
660437506639294464	
660440568552550400	north dakota
660440508041302016	
660433548248227841	
660435828208893953	
660440784148140032	
660437257258729472	
660438926532976640	
660436944652922880	
660313820649250816	batangas
660312711838851073	taysan
660306792111431680	
660310930853634048	
660310906728001537	
660314771011407872	
660313651895648257	nigeria
660311026244562945	stoney
660313459830054912	
660305620654911488	
660315718664060928	
660316634666704897	lagos
660314449476096000	
660308912021839872	
660314703600619521	
660306590122184704	
660313096649486336	
660313084691619840	
660306216283799552	
660510062717177856	north-east winnipeg
660505813530767360	
660505787610042369	
660506157660831744	
660506087343456257	
660510334055276544	
660511200573165568	
660513720016072704	
660501941399646208	
660501803793063936	
660501776270041089	new york
660501750999191552	park city
660511882785099777	
660511868071505920	
660512853607206912	
660502150141734912	park city
660508363067928580	
660502986188152833	park city
660514420305608704	
660512365327159302	langford
660462895881461760	
660468042220998658	
660466693269942274	
660459703634292736	
660466277291462658	salisbury
660463794481704960	
660468634465247233	
660415396328153088	
660417441307070464	
660419843968004096	pearland
660416546175516672	
660412665508990976	w.s.
660425597663838208	philippines
660478627914637313	
660473041671970816	
660477761643941889	city heights
660473530601988097	
660485208261554176	
660480994995216384	
660480867492474880	
660479801715625985	
660474611461701632	lokoja
660476766889320448	
660476724384276480	
660471965199654912	
660478188640948224	
660477548237721600	
660482201004322816	
660360678688059392	
660351885711269888	
660351502041620480	
660268664109858817	
660264292306976768	
660260716155400192	sudbury
660264774219882497	
660264507185364992	
660271962632167424	
660266407494590466	
660263083072450561	
660273613904343040	
660265628041928704	
660273871329861632	
660273765650186241	
660269545026785280	
660269511367630848	
660261748277182464	
660273423579545600	
660265859613487104	
660262666682785792	
660270385749889024	
660267665148145664	
660269154860077056	
660272638036586496	
660265941469519872	
660262424910532608	
660270752701116417	
660520939868827648	
660523877848739840	
660530008457392128	
660528367796514816	
660528842734374912	
660519967939543041	
660517101803806720	
660526074401427457	
660525928758439936	
660529728177082372	
660527450267357184	
660325214551568384	
660323408878526464	europe
660323395028934657	europe
660322296855441408	europe
660330984613658624	lagos
660323637581385729	europe
660327186596020224	
660325334714224640	
660326466534551552	
660332703762526208	
660333573140930560	
660331337707077632	
660289267768369152	
660277185844916224	
660287134075518976	mayfield ranch
660285538998616064	
660282656366698498	
660287708565254144	
660392693932036096	
660394356809986048	
660392278565896192	
660386605631463424	
660391813631512576	greenhaven
660391530302148609	
660583765039804416	
660584309393375232	
660579232708300800	
660590874229800960	semaphore
660585534868197376	
660577203667668992	
660592008264859648	
660591999678967808	
660578235122601984	
660249246449422336	eldorado park west
660251479115190272	
660252295859470336	bombay beach
660258928907816960	
660256637689552896	
660251090076590084	
660253659708710912	
660258426216411140	
660258414455488512	americas
660258670651899904	
660246585897590784	millsboro
660244947384168448	
660252870487310336	
660259186169655296	
660245469403172864	
660252376935194624	rhodes
660259601774854144	
660259431440060416	ohio
660250975257497600	
660250967959453696	
660254128019410949	
660257330051858432	stanley
660247472392941568	
660256054928875520	
660256012767662081	
660252841970298880	
660255752230170624	foynes
660349790551674880	
660350464907722752	
660339108523282432	
660341640435929088	
660346244183625728	
660493909571702784	pearland
660491415122669569	
660491176697532417	
660488454497660936	
660500078097014784	
660500076654129152	
660500229628760064	westbury south
660489344650735616	
660491872960294912	
660501015217569792	
660490480510070784	
660490414114385920	
660491592797564928	
660487702358421505	
660497644779737088	
660499251940728832	
660497354550710273	
659845867797676032	
659845797937152000	
659844601365172226	pocatello
659842035940245504	lokoja
659846908094058496	
659839102695510018	
659837323262185472	
659847888542031872	
659844715173416960	
659843980025315328	
659841333318717440	
659842352203173889	hampstead
659840753305260032	
659844987018981376	
659850237813526528	
659677724563361792	
659678253486112768	
659675603575046144	
659677487400529920	
659679931559976960	
659673122854051840	
659680696387149824	
659684509986586624	trumbull county
659679552462061568	
659681790450409472	
659681599659708416	
659673938130305024	
659681414561054720	
659682453108473856	
659682354244505600	
659681184792911872	
659681148696563712	gnadenhutten
659678759365292032	
659678629199130624	
659681062830764032	
659680320908734464	
659680084886839297	
659676157353312256	east kingston
659683380208996352	
659678844304171008	
659684139965227008	
659672134977896448	trumbull county
659683867654230017	
659681952165949440	
659649403947524096	manhattan beach
659654951820365824	
659645522613923841	
659649747066724352	
659649666154405889	
659649657123946497	jackson county
659640838893535232	
659646744158822400	manhattan beach
659652976055877632	
659651017408032768	
659650100663185408	
659644559761276932	
659648807165005824	
659720709879545856	
659722967924867073	portsmouth
659722912467828736	
659722883376091136	langlade county
659723856651943936	fort erie
659723702313967616	denver international airport
659723502690426880	
659717283019780096	
659721177988919296	
659721043725062144	erie county
659720147905695744	denver international airport
659722729738911744	
659718297697566720	
659724753293414400	
659724504596414464	
659724479657082881	
659719185241522176	
659726840467189760	
659719763061555200	
659719685462695941	
659726561776545793	
659721751916642304	
659716958649262080	orchard park
659723974574632960	
659723875161387008	
659725464114585600	boulder
659731295015047170	
659731271086682112	
659723245902524416	
659723130542379008	
659718963669151745	south river/main street
659727462973071360	manhattan beach
659727420493332481	
659727399928602624	
659729623421440000	
659729556677525504	southland
659814127297241088	
659811783067070464	
659811508872941568	
659808969356001280	
659820939228631041	
659818499964051458	
659806959231770624	
659817619055321088	
659817527359467520	
659807195165548545	choco taco
659812224643391488	
659813845360361472	lexington
659821550229725184	nova scotia
659811153535762433	
659810645056077824	
659816228010201088	
659809531409604608	
659814842304479232	
659820231762677760	
659808036714897408	
659819914451030016	
659809187283623937	
659817818087550976	long valley
659829316008542208	
659828492679430144	
659831000441225216	
659825131880083456	
659836078682050560	
659835874583048193	
659823920669925376	
659823809764134913	boston garden
659822254742740992	
659822084051333120	schodack
659824996164853760	
659822473815437312	
659822267963187200	nova scotia
659832527738314752	
659832146719318016	
659822623510142976	
659832038023823360	
659837065971015680	
659827215027167232	manhattan beach
659831366809350144	elizabeth avenue
659834556464373761	
659834360825257985	
659823405923872769	
659823192534556672	
659832909369446400	
659871596258025472	
659869027079065600	northwood
659881549723213824	
659872240784293888	
659871329324257280	
659881380747354112	
659881247280263168	
659869114656120832	
659880729225007104	
659867400825868288	
659875600367243264	
659867655612973056	
659878840899149824	
659870604636499968	wrigley/north long beach
659882375405506560	
659880101660614656	
659875310289096704	long beach
659566840511860736	
659571785969569792	
659568350775783424	
659571087840313346	
659579228443320320	
659567220171894784	
659578717996457984	
659577014421200896	
659576939582201856	randpark ridge
659573782848237568	
659565495914508288	
659571205293387776	
659579756128641024	
659570786416648192	
659570533923704832	
659571551310913544	nashville
659578526325174272	
659567675614453760	
659709986340249600	
659707932586745857	
659707904371593216	
659708627578523648	
659708509013938176	
659708301354147840	
659715535647608832	
659705136852299776	
659705096998166528	
659713180306927616	orchard park
659707717267927041	patterson blvd
659707662121238528	
659703327010197505	
659714998554365952	la.
659714836331368448	
659706911579840516	
659715136136077312	sackville
659714718056214528	orchard park
659714679237836801	
659701400411217920	
659711821549576193	
659711804335980544	mansfield
659709397195726848	east aurora
659709381848662016	
659713530870939649	
659711542183727104	
659712718350495744	
659712696464617472	
659704534516826112	botkins
659711306337878016	
659715663443976196	
659708936635834368	
659708925336506368	
659711259122802689	
659711187580559360	
659710295565328384	
659716272645509120	
659716080437493760	
659708054087168000	royal york
659715859963912192	orchard park
659704929653649409	
659707338207707136	
659713697992998912	
659712532463120385	islington
659714299506663424	
659714126407557120	orchard park
659589177609072642	amazon
659589144897826816	
659587863823028224	
659581207160729600	
659585374080102400	
659585331210158081	
659584209435013121	
659592255695646720	
659582565569789952	
659582518866214912	san francisco
659586071181717504	braitling
659593784880005120	
659591042979655680	
659586430901989376	
659586296407437312	
659588703090790400	
659583411980337153	cole valley
659590950046425088	
659594972950171648	south san jose
659581149702963200	
659584691658297344	corona heights
659584159258558465	cole valley sf
659586455619129345	
659589824614170624	
659583013039271936	
659588246473564161	
659588244196057088	
659581672027910144	
659582858051256320	cole valley
659781138525716480	
659784202397745152	
659778260625170434	
659791045102862337	
659777674810933248	
659777633186639872	amherst
659781331795255296	
659788691372646400	
659788687492800512	
659788671239983104	
659785675642826752	
659785635742539776	
659779793618079747	
659779768758493185	
659782381939744768	
659790790298734592	
659790559192682496	
659778599445229568	rockford
659788511642558464	
659776741494255616	
659784944043040768	
659784922706616322	
659788821219799040	
659777201475354625	
659776976312496129	
659787036262604800	forest st.
659788196994228224	amherst
659786971049521152	
659782231519461376	weymouth
659782107665989633	
659777270052233217	
659786670699634688	
659786562134216704	
659791572708532224	
659782833972649984	
659789069761679360	
659779451199299584	
659779319607238656	
659779245216960512	
659789998011654144	
659789797905571840	logan
659777929891741696	
659789777739382784	
659787720290627584	
659787641190260736	
659735799823372288	boulder highway
659735797772369920	
659736430088839168	sahara
659735355143421952	
659735321739968512	orchard park
659737852486512640	
659740404041011201	
659740256338579456	
659740251892654080	stratford
659745143709396993	las vegas
659745110272270336	manhattan beach
659741162429788160	
659743079126007808	
659739877345533952	
659739538428993536	logansport
659734422304886784	
659731850508668928	
659731837326114816	saugeen shores
659731720673955840	boulder highway
659741899683594240	
659741886584856576	
659741871980290048	
659742860393189376	buffalo
659742844035473412	
659741692522840064	
659741502902415360	
659736944813850624	evans
659732036496723968	
659741240108433409	
659740498010222592	
659746333415374848	
659746084420390912	southampton
659735459518529536	
659736676080685056	port elgin
659736572653359104	
659736513039601664	manhattan beach
659737691903401984	fort erie
659740911488888832	
659743790576480257	
659742720907284481	
659742553529409536	
659733745168183297	
659687010056200192	
659686893685108736	
659691076853374976	
659690748590206976	
659689919309221888	
659692493794091008	
659689304596156416	
659695796732981248	
659699621694951424	
659699454610550784	phuket
659691996639051776	
659694266076164096	
659698347964403713	
659698250665107456	south river st. eversource
659696115097300992	
659701117446586368	
659701005714595840	
659692935147982848	
659690340652158976	
659692186024468481	
659688868233371648	
659697172594561024	
659755249855365121	
659753069891166208	
659751472326975488	
659758532103954433	williamsville
659758490022490112	
659752937497849856	
659749735327121408	
659749661201326080	byram hills
659748643239542784	
659752250768826368	spencer hill
659752091238305792	culver city
659756311131856896	
659748294164267008	
659760087544664064	
659758279581704193	
659754850142547968	
659746745610575872	
659746686244360192	
659757107885936640	corona heights
659754744148336640	
659754620873547776	
659749303330709508	
659758703759986688	
659749913761357824	
659756807364198400	
659760875948122112	
659751984224968704	orchard park
659751814494048256	
659747169772154880	
659747044236664834	williamsville
659755647236374528	
659761582294106112	
659761270351142912	
659761253858963456	
659751544871452673	
659759304023625729	
659759154215518208	minden
659752609259978754	culver city downtown
659758933511446528	
659747841586421760	
659747829162856448	
659630152515584000	
659632407964815361	
659632090535714816	
659633507283660800	
659633294728806400	
659541746066563072	
659541703393722368	
659536871333232640	
659549431864369152	pennsylvania
659539919459778560	
659539126518026240	
659539096985976832	
659541501643522048	
659537299932356609	
659540826461249544	
659549167023431680	
659546911821688832	
659535203778617344	
659543380771278848	
659538091091324928	
659545265334956032	
659549478031138816	
659540601839476736	
659540469437755393	
659540463041515520	
659542762224766976	
659542702090928132	
659544331506860032	
659544216406724608	muskegon
659541927361159168	
659539352289189890	
659539196047159296	
659540259420549122	
659538860431556608	
659538771637964800	
659547679555493893	
659537883712389120	
659542996237578240	
659536285535571970	
659548067880935424	
659796230562779136	
659796157305065472	
659798480383303680	
659798401320521728	phuket
659798390302224384	chesterfield
659799170950127616	
659798958781239296	kempton park
659803748974358528	beachwood bistro
659800830766424064	bryn
659800761866547200	
659795055234846720	
659794951769890816	
659797376501051392	
659805813977047041	
659805224069111808	
659803594250657792	
659803499815940096	
659792006537854976	
659791815965560832	
659797728529145856	
659794735691751425	
659794686651949056	ohio
659794639906476032	
659802063711399936	
659801967632379904	
659792379029749760	
659801631601459200	
659800965621518336	
659800964983996416	
659800926945853440	
659798691369340928	north-america
659795856598638592	
659797928576458756	
659793177306464256	switzerville rd.
659793135728398336	
659794453339709441	
659803044700413952	edgington lane
659802996021313537	dorset st
659792969835282432	north-america
659792968224669696	north-america
659609787311624192	
659600469111668736	
659600456751165440	
659600161136492544	
659601897167433728	
659609335924981760	
659608956004880384	toronto
659608877638414336	
659601317317316610	
659605967122751488	
659607020933279745	
659598823300456448	
659603131114721281	pa
659610463689248768	manhattan beach
659602463436185600	
659601784155979776	manhattan
659607953587073024	
659608467846492160	
659557706295058436	
659557560052260866	
659551875117785088	
659557366577238016	
659551047174791169	montclair
659555234222579712	
659555016630366208	
659555009206599680	
659554816759349248	
659554242361823232	
659554241326006272	
659554113605120000	
659554025868775424	
659554013189304320	
659553365580353536	
659553274090115072	
659553236320436224	
659559950784466945	
659559878319468544	
659559826339557376	
659550356230148096	
659556090078711808	
659556010177245184	
659558451907964928	
659553063192104960	
659561579999059968	
659553654542868480	
659560421163143168	
659560391777779712	
659559474777067520	baltimore
659565078975418372	
659557054638481408	
659554456472838144	
659554279875809280	
659555303390846977	
659553910861012994	
659562705989312512	bloomsburg
659552752729792513	
659558041356906496	karnataka
659552519945891840	
659660233590120448	
659662575978713088	
659659757620449280	
659669825741037568	point au mal/fox island river
659669482311442432	
659667688055181313	hamburg
659661896388206592	
659666232564576256	
659667315009568768	
659665862807322624	
659661188804902912	
659668677210476544	
659668670398918656	trumbull county
659663726816002048	
659669183182057473	
659668962251272192	
659666745074933763	
659858810195021824	
659858611351502848	stratford
659865920475668480	halifax
659865813227339779	
659857982155579392	
659863806231752705	
659860612072230912	
659859945060499456	
659859795789266944	
659862249847304193	
659867281183399936	
659866978023284740	
659864657751056384	hazleton
659853569122631680	
659863497958891520	hazleton
659860083678060544	
659528671728902144	
659527562675093508	
659527358517522432	
659521775852756992	
659524901456363520	
659524809303326720	
659524579786801153	
659529001585745920	
659528984632406017	
659523283356790784	
659523192575365121	
659523106629775360	
659523089202483200	ellenburg
659522102727483393	
659533853162405888	
659533630021246980	
659533859785175042	
659521811206508544	
659531753678356480	
659531673500020736	
659520102111539201	
659530592569139200	
659520351580229632	baltimore
659530485501063168	
659530204302454784	long island nassau
659527593700429824	
659529322869329921	
659534968348155904	
659524264803049472	
659524227549106176	
659523744394678273	
659532850769879040	
659532792166875136	
659529351675838464	
659522543682981888	
659527981161824256	
659521088309829632	
659522308764119041	
659614469849399296	manhattan beach
659612764067856384	
659612669259988992	manhattan beach
659613488810070016	
659622840648511488	
659616056663670784	pennsylvania
659620520371982337	
659615772537319424	
659620031714557952	
659611702401593344	
659613069031567360	
659770326453096448	
659768387862687745	
659768851870162944	
659768779916894208	
659768751735336960	
659762556421152768	
659762436162125825	
659766173127581696	
659764756585168897	
659763748664713216	de niverville
659763683816378368	
659775268999958528	las vegas
659775609120366593	
659775552941907968	
659775458985185280	
659771288542670848	fairlawn
659774963361058816	
659773382578171904	
659761702607589376	
659773799538233345	
659772149129854976	
659767086814765056	huntsville
659762321724674048	
659769191554260993	kempton park
659769178040201216	
659771509037096960	
659770871284965376	
659770870995382272	
659776559893635072	
659768486860865536	
659776429622763520	
659776414837776384	huntsville
659776310848397313	bruce county museum
659776310605164544	poughkeepsie hearings
659765649053454336	
659766824456880128	
659774422757285889	west side
659774412271435777	
659774358395621376	
659774318939762688	
659767764266020864	
659771113317253124	
659774033211367424	northport
659762942674493440	manhattan
659772802942296065	southampton
659772770369347584	northport
659769637706403840	
659769585328103424	cumberland north
659774844540575744	duluth
659774826429681664	morse elem
659764117914431489	de niverville ave
659764088948596737	
659763983273074688	
655492327465549824	
655502141138825216	carleton
655494061730623489	east hartford
655490298152267776	
655499170221064192	
655499107440730112	
655499098569572352	
655491735762563072	lafayette
655493745966784512	
655498292915236865	
655493628236865536	
655491089940393984	
655335799492231168	
655328251456294912	
655327879866093568	
655323492615778304	
655301068255948800	
655292425972355072	vancouver
655374292683653120	dipaculao
655375104046702592	
655379686059581440	
655381189792940032	san francisco
655367887457296384	
655379854490271744	
655378135697850369	
655379147565486080	
655371828777512960	burlingame
655370281712685057	
655380943163805696	
655465749088182272	deerfield
655465555227447296	
655465510356647936	los angeles
655471735085662208	
655471727196024832	peachtree
655466751933718528	
655469026278162432	
655468375683018752	
655468178840096768	
655472997017346048	downtown lafayette
655463380761878528	
655470748669079556	
655477634701258752	
655480108904419328	lafayette
655474999105626112	
655476417455616000	wabash river
655487190093451271	
655482935756374016	
655485050096517120	
655481697308315649	
655479241723789313	lafayette
655480231118114816	
655488108167827456	
655477582041882624	lafayette
655477123373768704	
655484619291148288	berkeley
655481353585172480	
655484193489690624	lafayette
655525779791462400	
655522091706548224	mcallen
655526217702051841	
655527716637319168	
655533296135348225	
655359705406009344	edmonton
655357467874996224	vancouver
655356158044012544	aspen gardens
655365257779617792	
655241488679366657	
655243534300135424	
655242259382710272	
655243214551699456	olean new york
655244889903370240	
655435386357968898	
655441572922806272	maunaloa
655439719153577984	brisbane
655443148529758209	
655439166688395265	
655389810807427073	
655397065762209792	
655389283684077568	
655385019335225346	mashpee
655384868482863104	
655382878340161541	buenos aires
655394865644048385	
655394231897468928	
655383472354234369	
655392812352053248	
655392283613900801	visalia
655390738763665408	gallatin
655339511883300865	
655350844989116416	dubuque
655347661902626816	vancouver
655341101457403904	
655341064656564225	
655407467896115200	lebanon
655399657133232129	
655409645293600768	parkhill
655397871496245249	burlingame
655403684134694912	lebanon
655406025676210176	
655405928813043714	
655398177550528514	
655412449672372229	
655398591893213184	randburg
655401990969802752	coalville
655410230885523457	
655279227252658176	mashpee
655277336150089728	galax
655451750061707264	
655450448967684096	
655457092652937216	
655450760746917888	
655457990338879501	
655451178201972736	
655253465002807296	kamulu
655261040259653632	
655249887160893440	
655252646350163968	
655256569211285504	
655248651908960256	brisbane
655257434831867904	
655255097241300992	
655258249143279616	
655261757317865472	
655250508744015873	
655248217420894208	
655247973585031168	verdi
655315896811040768	
655314473641578496	dallas
655308031215861761	
655313160006582272	
655307896830468096	
655312460153507840	manitoba
655507999033790464	
655510324766986241	
655510117035606016	
655505319334809600	
655503591390748672	ceres
655511607036870656	
655506356850393088	altoona
655506356074471425	berkeley
655503960715882496	
655506895957065728	
655512634188570624	
655516114630238208	
655506124448382976	
655505934945488896	
655514471184465920	
655267692727939072	
655271596362338306	euclid
655264904237088768	burlingame
655274159887413248	
655262571625320448	west reno
655276821039218688	
655263397508878336	
655263291229388800	
655264677878853636	
655274926308397056	
655415014795423744	
655414843118325760	manitoba
655412959221518336	
655418959722905600	
655422082285752321	
658392027848122368	
658391358067990528	
658393988278321152	san diego
658388160213192704	
658397521673252864	
658399910207733760	
658390149940838401	
658398799828660224	san diego
658395479680688129	
658388757020856320	halifax
658388573595414529	
658400465604874241	
658225834700984320	airport
658223393314054144	
658233634537648128	
658195815685423104	
658202923583692800	
658191369127768064	
658195438093344768	cresta
658273500386435072	
658280418358226945	nevada
658278129148936192	
658267334067425280	
658281836481814528	
658273755207065600	
658274660883173378	
658358130753978368	
658361289417191425	
658363845220679680	
658371037118230528	
658365714244374528	
658371861961682944	
658362884016242692	
658372270356889600	
658372147878825984	
658362624665657345	
658370089138429952	north st.
658369860980842500	
658368538264997888	
658359717346058240	
658381179050205184	
658375665532534784	
658378152914255872	
658386403462504448	us
658383143368552448	halifax
658380706746249216	
658375376784203777	halifax
658372886659334144	
658383002393845761	
658387443020787712	oakland
658384979232165888	
658383574433816576	
658380293049446400	
658425245745868800	
658424275515236352	
658420859112034305	
658420850056675328	
658419920003272705	
658419903716700160	
658419842152710144	
658431264308002816	
658428297529970690	
658426840831381504	
658424557309710337	
658423942072307712	
658418979665518593	molalla river academy
658430640086491138	
658123118179782656	
658130055009185792	
658129427042209792	
658125467740827648	
658121611388710917	
658121103307599872	
658121048748003328	
658128264335085568	
658126857150164992	cagayan
658260353944567808	
658256125674983425	
658265945324961792	ottawa
658251791096815616	
658255022665297920	
658261786689449984	
658257805875408896	
658261149054439424	
658264688724189184	
658142940095713280	
658131062103613441	
658141684774080512	
658141460278202368	
658142434745065472	geneva east
658145422825820164	
658140917291945984	drake ave.
658137068959305730	
658335730905690114	
658331507715502080	
658329348483608576	
658332699569057792	
658338924948008960	
658335374331256832	
658339266955636736	
658327487332532228	
658338491906916353	
658336289729703937	prineville
658340358397431808	
658289201457315840	laudium
658290853555736576	
658293508978155520	
658287791210631168	
658287768905392128	
658290076380700672	huntersville
658294188786765825	
658296240724119553	
658287324980080640	evergreen
658289470865739777	
658288715408666625	
658296688805871616	
658294480089587712	
658288048854204416	
658294193505325056	
658284505963229184	san diego
658236698308952064	
658236566737932288	
658247243523207168	
658240825021698048	
658305610031697920	
658310788994744320	
658310616600465408	
658308591921696768	
658297432887971840	
658308530424909824	
658297673364197376	
658297643651608576	
658297576752549888	
658304653826854913	
658306232575397888	woodmen road
658311672730288128	
658309438495969280	
658304904587423744	aswan
658298086184370177	brookline
658183620696391680	
658185924854095876	
658176167858442240	
658186522844250112	
658186285379682304	
658191259333332992	toronto
658191251498360832	
658180301189873664	
658177671336062976	
658094150198435841	
658094121953787904	
658092147330162688	
658099679482269697	
658097434107625472	sudbury
658087677376380928	
658097200258510848	
658088440198733824	
658090996857708544	
658100655526051840	
658089122309865472	
658093377049661440	
658093374402985984	main st.
658098771750973440	
658349000974667776	
658346984563044352	east los angeles
658346164073443328	
658344296119070720	
658344165630046208	mamou
658344155655987203	boston
658150358250835968	
658146723743813633	
658159578668929025	
658160023621623808	
658154210714894336	
658146264446439424	texas
658158564414853121	sault
658158385918033920	
658158980599029760	
658102775109173248	
658100994786488320	
658104112144236544	brownsville
658106097509773312	
658104365459349504	
658111827121836032	houston
658212930991882240	
658213447335710722	
658206423105474560	
658211418496454656	austria
658407269567062016	
658405894468734978	
658416555550597120	israel
658414939841761280	
658076164532142084	
658072448978538496	bakersfield californian
658073448237826048	
658076555986513920	gator
658076539653869568	amherst
658081741232410624	
658071643483336704	
658081474202226688	
658165667770724353	
658165036448280576	
658164106722017280	
658175032804249600	
658169513347694593	
658169282887467009	
658169238926942209	
658161358878461953	
658161703427792896	
658176014992941056	
658165123610120193	
658173581336023040	
658173403078066176	
658163761597906944	
658318844549865476	
658312834363752448	
658314154386825216	
658312308272320512	
658324295131594752	
658313469310193664	fort hill
659488890424692736	
659475634138259458	
659475533084905472	
659475491737481218	
659479322076540928	ramapo
659478605798506497	
659486784749981696	
659481048540160000	
659483618817871872	
659477928745541633	us
659477883526729728	
659480430165540864	
659488733876518912	
659476540636295168	
659476507945906176	
659482931186892800	
659485274339045376	
659486135400402944	
659478206311985152	pennsylvania
659489103029755904	kansas city
659480041655545856	
659489653725118465	
659478850846511104	
659479799149105152	western bay
659478336561917952	
659487466907377666	
659481002595586048	
659480988263694336	
659484060897513472	sioux falls
659484060008345600	allentown
659476129091338240	
659477230083547136	
659477188111114240	
659485716825690112	
659310265293340672	
659315908330979328	
659309511975530496	
659320686117306368	
659315049320853505	kinard
659322345308352512	
659314214952128512	
659320282331676673	
659311523278417920	
659320798029750272	
659308970805432320	
659319031883694080	
659317815283949568	
659313801779630080	onida city
659318076090011648	
659316497374822401	
659321833284571136	
659309846639046656	
659309846567780352	
659309760018272256	
659311007815356417	
659310896917946368	
659279965846945792	
659292635937558528	
659281527331799040	
659286557631778816	
659289971551924224	
659288265841881088	belgrave
659293180798640128	
659291046631874560	
659290818784665600	makande
659280769936969728	greene county
659280731550543872	
659358358667993088	
659358303777001472	
659355615748210689	
659355517844762624	wellsville
659368256382218240	
659368089612517376	
659354861004152832	penn state beaver
659354801784889346	
659358828291428352	
659358566956990466	
659357824301010944	
659365973913264129	
659357087923851264	
659356138643832832	
659363695483600896	
659363553451855872	
659355896124940288	randolph county
659355864160145408	
659355711495938048	
659365513873764353	
659362279046053888	
659354009745100800	
659359928516280320	
659356808180580352	
659366120084938752	
659354181736640516	
659365390124867584	
659364125085036544	
659364114599309312	
659361623895740417	
659363115537190912	
659368812882567169	delaware
659368789880889344	
659360836243333124	delaware
659358173476823040	
659359148639961088	colfax
659358976669257728	
659366668657958913	
659360164491866112	il
659360156531204096	
659360001966907392	
659366321994473473	
659355418192314368	
659356622934974465	
659356464239153158	colfax
659361726098460672	
659364791195148288	va beach
659364762673790978	
659448953776263168	
659448826269319168	
659451292759281669	
659451920675794944	farmingdale
659451730866798593	bloomsburg
659445311610462212	
659449529574498305	
659449104003547136	
659448456470114304	
659448303684333568	
659456482954510336	santa barbara
659456416944660480	
659450973593600000	pa.
659450908304998400	
659450899488706560	
659446744527339520	
659446741004124160	
659446663124295681	
659446551543197697	
659446550930702336	south asheville
659446538465341440	
659458319661207553	
659450266719272960	
659450254090043392	
659450226969812992	
659458542567608320	atlanta
659446324438421505	
659457923609968641	
659456238040780800	
659452854227369986	
659444748177047552	
659447538072854528	
659447491377672192	
659447456078409729	
659447373647577089	
659444848882139136	
659454867820453888	
659456075046002688	
659447978059501568	
659458949964505089	
659458890661306368	
659449950221258752	
659449937596387328	
659449829492420610	
659445273299578880	
659445265544400896	
659445046396243968	
659452117887942657	
659459506930323457	
659451340842803201	
659459239199555584	
659459133599444992	
659448593569460224	
659449800568479744	bloomsburg
659449688463118336	bloom
659449608435712000	
659449583639109633	
659448285585932288	
659448167142809600	
659448153465221120	
659457117066285056	
659450689995866112	
659450617547653120	
659450602599137280	
659453893059977216	
659445956270825473	
659445950075699200	
659445909051342848	
659445787114479616	
659447179971567616	
659447130613010432	
659455837174386688	
659452502799175680	
659452468699529216	benton
659452360914243585	bloom
659457696823795713	
659445773139124224	
659445694701412352	
659445591206948864	
659457492666023936	
659457383547195392	
659446959774789632	
659446946080411648	
659446889419509761	wellwood
659446881022537728	
659455382058872832	
659468394882797568	
659468202641084416	
659464043565027328	lorne
659466354190327813	bedminster
659466335731105793	
659466201819693059	
659466198816571392	
659467092274581504	
659473929505931264	
659473723121078272	
659460445594636288	
659464419978534912	
659463412703887360	
659468547446337536	
659461843933487104	sioux falls
659461638442110976	
659465396177776641	
659465225935020032	
659473671074000896	
659473609384071169	
659469189531463680	
659461517574729728	
659473072693641216	
659471228344729600	
659460055167725568	
659459991301193728	
659459965372006400	
659459878654709760	
659469990085697537	
659463010608504832	
659462900067643392	bloomsburg
659469733188624384	pennsylvania
659473988100337664	santa barbara
659464995755851776	
659467218254733313	
659468769027334150	
659474286277697540	
659464796761403392	
659472400791154688	
659472290225242112	
659472193659777024	
659472100126760960	pennsylvania
659470758847057924	
659467664507707392	
659472642529869824	
659462107298156545	pennsylvania
659509209562791936	arcadia
659511635090894848	
659511462243737601	
659509679446294528	
659508700625793024	
659511397940928512	
659511294534414336	
659507163379838976	
659518704183599104	
659518795564847105	
659506847385305088	
659507873366474752	
659507872515014656	allentown
