655594166295121920	46.1540267	-122.9076957	3268_1370
649725999328980992	43.6869519	-79.3073779	3208_2417
656863836159496192	34.0236483	-88.4126328	2977_2198
654372945628921856	31.9685988	-99.9018131	2927_1922
652566244621578241	42.3370413	-71.2092214	3176_2611
658497294627688448	43.753523	-79.437869	3210_2413
656861805323644932	34.0236483	-88.4126328	2977_2198
660202406823788547	17.385044	78.486671	2577_6204
656228345517121536	34.2130723	-84.7921627	2981_2285
655410198031433728	35.86166	104.195397	3021_6821
651818889307947008	43.712593	0.332328	3209_4328
656150473863512064	39.7092262	-84.0632685	3113_2302
651883150994378752	40.6781784	-73.9441579	3136_2545
660126417871466497	25.3016058	68.4770183	2767_5963
651816772207833088	43.6204946	-79.5131983	3207_2412
652507258404737024	43.7094283	-98.0297992	3209_1967
651439042391863300	32.7764749	-79.9310512	2947_2402
659088593059762176	34.193203	-91.8897075	2981_2115
654973647447302144	35.86166	104.195397	3021_6821
660262532104372224	40.1933767	-85.3863599	3125_2271
652863419733835776	40.4406248	-79.9958864	3131_2400
652246349174345728	61.0561111	-149.7972222	3625_725
653784181378449408	36.8524545	-121.4016021	3044_1406
652669771171794944	38.9940572	-84.7315563	3096_2286
651058269990060032	41.2306979	-73.064036	3150_2566
652121280800509956	43.7651058	-79.3157568	3210_2416
656348890904399872	32.3710596	-90.1308898	2937_2157
656550620938280960	34.1669596	-81.577357	2980_2362
660078717721513984	39.874167	-75.718056	3117_2503
652967478981582852	51.929604	1.2663819	3406_4350
654611838043185154	35.1843146	-80.807658	3004_2381
650039855087415296	26.7083984	-80.2306019	2801_2394
659538245517238272	33.3584974	-111.9842938	2961_1632
650777274317312000	37.09024	-95.712891	3050_2023
659955909913935872	43.783434	-79.288063	3211_2417
656547491450523648	25.5961607	-80.4241698	2774_2390
651623004796002304	20.3689702	86.1808976	2649_6388
650028093222989824	39.7674578	-94.846681	3114_2044
656909196567445504	39.75543	-84.0564774	3114_2303
654791968015319040	47.8209301	-122.3151313	3308_1384
653418707419443200	-34.1103646	21.2546936	1341_4830
654664565221777408	35.5778272	-98.9645311	3014_1945
651819165494349824	28.5547225	-81.106452	2845_2373
653931490292600832	36.8524545	-121.4016021	3044_1406
657635485389606912	43.5875318	-116.1936621	3206_1531
659093849969561600	28.5383355	-81.3792365	2845_2367
651839924161937408	35.7845177	-79.124997	3019_2421
651041181896474624	35.4675602	-97.5164276	3011_1980
658759330456539136	30.2240897	-92.0198427	2885_2112
651873622965903360	38.6605219	-91.0315207	3088_2135
652150087330607104	40.75839	-82.5154471	3138_2340
656455898324295680	25.2048493	55.2707828	2765_5646
652117176787312641	51.6688245	-3.0203104	3400_4248
651778432326594560	53.2205654	-6.6593079	3437_4160
649628725030420480	43.0389025	-87.9064736	3193_2210
659333129912631297	42.4387018	-71.3401284	3179_2608
650689374049320960	38.984652	-77.0947092	3096_2470
650709473288421376	43.653226	-79.3831843	3208_2415
652516265060401152	54.5259614	15.2551187	3469_4686
651461136408162305	36.4587803	-87.2385583	3035_2226
651796923851124736	61.52401	105.318756	3637_6848
651696801863434241	41.2523634	-95.9979883	3150_2016
652814595577413634	33.7489954	-84.3879824	2970_2295
651039526773637120	35.4675602	-97.5164276	3011_1980
656156766997250048	38.9071923	-77.0368707	3094_2471
650717460551876608	40.7127837	-74.0059413	3137_2544
654269437076443136	53.7608608	-98.8138763	3450_1948
653981336579911680	43.492949	-1.474841	3204_4285
651133043072106496	37.9715592	-87.5710898	3071_2218
652287758925336577	18.3807819	-65.9573872	2601_2737
659863343889448960	-29.7694486	30.7867129	1446_5059
652453976995004416	42.3370413	-71.2092214	3176_2611
656881152217718785	33.9213735	-84.3840281	2974_2295
659554857536262144	13.1362782	-59.4605768	2475_2893
657688196977831936	64.2008413	-149.4936733	3701_732
657339903189999616	36.7855543	-108.6870322	3043_1712
654009504326008832	40.7556561	-73.5876273	3138_2554
654688863114280960	43.100903	-75.232664	3194_2514
658728958872064000	40.7830603	-73.9712488	3139_2545
652101788124909568	40.75839	-82.5154471	3138_2340
657621144518922240	43.5890452	-79.6441198	3206_2409
660160592070778882	27.8397466	-82.7912134	2828_2333
651791194809368577	32.7764749	-79.9310512	2947_2402
655432407936552960	36.7417235	-88.6367154	3042_2193
649753528035057664	30.2240897	-92.0198427	2885_2112
659324180215812096	51.165691	10.451526	3388_4571
659777940612210688	25.354826	51.183884	2769_5548
655024410861162496	40.790137	-73.489148	3139_2556
660507397711097856	43.7315479	-79.7624177	3210_2406
657299400373485568	35.1229883	-89.9984281	3003_2160
651799784353857536	21.4983434	-104.9104251	2676_1802
653252422027079680	40.1447732	-84.2424449	3123_2298
654266921924341760	53.7608608	-98.8138763	3450_1948
650312049516523520	37.09024	-95.712891	3050_2023
656933767706116096	37.5407246	-77.4360481	3061_2462
656518310754959362	42.5027499	-90.6800541	3180_2144
655983731400798208	46.2856907	-119.2844621	3271_1457
652458811546963972	26.7153424	-80.0533746	2801_2399
651853895975604224	None	None	None
653993404418777088	30.3030603	-81.5830315	2887_2362
654050724767236097	43.0010681	-83.517682	3192_2316
659542039495741440	13.1362782	-59.4605768	2475_2893
656116154365181952	-22.9068467	-43.1728965	1610_3284
652058701063450624	25.7839802	-80.2014543	2779_2395
651097012830535680	25.9428707	-80.1233802	2783_2397
659095674743459840	41.4800379	-75.5774983	3156_2506
651071850601033728	26.1224386	-80.1373174	2787_2397
654271320893423616	27.0238036	74.2179326	2809_6101
651771719636549632	38.2009055	-84.8732835	3077_2283
655163158290694144	43.7844397	-88.7878678	3211_2189
660058272158740480	17.385044	78.486671	2577_6204
659881778749046784	34.2822134	-118.5506158	2983_1475
651008220211884032	43.765257	-79.248768	3210_2418
656471443706920961	21.913965	95.956223	2686_6623
652463547021029376	42.3370413	-71.2092214	3176_2611
650834792200597504	39.7151367	-78.61172	3113_2433
659425281237647361	26.4614625	-80.0728201	2795_2398
649665887994142720	61.1912745	-149.8444799	3629_724
651077588975243264	43.653226	-79.3831843	3208_2415
654514484522848256	42.1875826	-71.3064597	3173_2609
660083329388138496	45.441347	-73.6885847	3251_2551
649587583140413440	43.6204946	-79.5131983	3207_2412
649430809657634816	34.5199402	-105.8700901	2988_1779
655206674039312384	39.6846981	-104.7161502	3112_1807
656551156999548929	33.7841522	-117.8909919	2971_1491
652160458900697089	25.790654	-80.1300455	2779_2397
656192325312360448	13.0058496	7.6044752	2472_4503
651800215079403520	35.9101438	-79.0752895	3022_2422
652077970429865985	23.634501	-102.552784	2727_1859
652680343443496960	42.2771417	-71.0913748	3175_2614
655808046543843328	36.3861447	-98.177845	3033_1964
656908872985128960	35.6080627	-97.633113	3015_1977
656038833780322304	35.8073532	-81.5317604	3019_2363
654177099591249920	27.0238036	74.2179326	2809_6101
651800311779184642	38.2009055	-84.8732835	3077_2283
654693338772172800	36.1539816	-95.992775	3028_2016
655335282959454208	45.5230622	-122.6764816	3253_1376
656212238261465089	None	None	None
650578115865931776	40.7127837	-74.0059413	3137_2544
653432856929112064	-34.1103646	21.2546936	1341_4830
650582141328199680	53.9599651	-1.0872979	3455_4294
649599671011119107	61.52401	105.318756	3637_6848
654741577416355841	42.2917069	-85.5872286	3175_2266
659331359610028032	42.9145188	-78.6803314	3190_2432
656260154107670528	13.193887	-59.543198	2477_2891
651917421171703808	37.09024	-95.712891	3050_2023
660335573123670016	25.354826	51.183884	2769_5548
652816861797707776	40.3367674	-75.4690674	3128_2509
656119963493621762	38.2009055	-84.8732835	3077_2283
657247627390619648	36.0578164	-79.8281226	3025_2404
654793002049646593	36.1539816	-95.992775	3028_2016
659224589231390720	None	None	None
649684719370665984	43.6771402	-79.5509328	3208_2411
655085528887353344	33.4706927	-82.5045733	2963_2340
650777888283885568	37.09024	-95.712891	3050_2023
650704442791174144	43.705123	-79.410203	3209_2414
659209970089508865	64.2008413	-149.4936733	3701_732
651687642896199680	23.634501	-102.552784	2727_1859
656526122641924096	40.9367664	-72.2428587	3142_2586
650307327753605125	43.6810826	-79.5328288	3208_2411
655816490764013569	30.375321	69.345116	2889_5984
653566602873454593	34.1477849	-118.1445155	2980_1485
656258220126695424	-22.9068467	-43.1728965	1610_3284
652109426212630528	40.5083408	-74.2355404	3132_2538
651204956045766656	36.7280583	-108.2186856	3041_1723
651812208645664768	40.0154745	-82.9931607	3120_2328
652377734086328320	47.6765884	-122.1060106	3304_1389
654836951879553024	34.2677446	-118.5393759	2982_1475
656151564311220225	39.7092262	-84.0632685	3113_2302
656196915688841220	37.4399348	-77.6478852	3059_2456
656266066780229632	37.3382082	-121.8863286	3056_1395
657658065399877632	39.600618	-82.9460133	3110_2329
657820691006291968	23.2599333	77.412615	2718_6178
650762513064312832	40.2170534	-74.7429384	3125_2526
659623438659686400	36.9858984	-119.2320784	3048_1458
660521680809435136	42.3033199	-73.2939073	3175_2561
654360464420401152	42.1417442	-71.2495096	3171_2610
653244540976001024	6.5243793	3.3792057	2317_4401
654284546486239235	27.0238036	74.2179326	2809_6101
660035865792667648	25.7616798	-80.1917902	2778_2395
657429172348956672	61.52401	105.318756	3637_6848
653659520338538496	41.687564	-83.5155073	3161_2316
654296510847299585	38.5488212	-90.0111591	3085_2160
651157108000317440	-33.8846107	151.2265861	1347_7949
651069512008232960	41.2306979	-73.064036	3150_2566
659826129868574720	40.659884	-84.0896329	3136_2302
655152608970211328	41.4759224	-75.1821189	3155_2516
651613428172353536	42.6389216	-83.2910468	3183_2321
659082571054104576	40.7830603	-73.9712488	3139_2545
659932606167928832	40.2671941	-86.1349019	3126_2253
651086497135759361	41.2306979	-73.064036	3150_2566
654543415372345344	33.1506744	-96.8236116	2956_1996
651033206960033794	22.5009081	114.1558258	2700_7060
655674694029430784	43.8859999	-78.8311907	3213_2428
651259740551380992	26.192028	-80.0964326	2789_2398
656138539269140480	40.4778838	-74.290702	3131_2537
653978961828052992	21.2810883	-157.8334837	2671_532
651452264062783489	32.7764749	-79.9310512	2947_2402
657051640734748672	41.0951966	-80.6567489	3146_2384
653417237106159616	-34.1103646	21.2546936	1341_4830
653430162600529920	-37.8333939	145.0742949	1252_7802
651140139150798851	32.9228038	-96.5137828	2950_2004
654278364597850112	27.0238036	74.2179326	2809_6101
652507011901341696	40.735657	-74.1723667	3138_2540
649863434767585280	50.83761	-0.774936	3380_4301
652506784121229316	19.8967662	-155.5827818	2638_586
649554670382358529	37.09024	-95.712891	3050_2023
653636317310423040	39.6067789	-75.8332718	3111_2500
653949430492733440	51.4873918	0.0270025	3396_4321
652959041291988992	51.929604	1.2663819	3406_4350
659811845759508480	38.0405837	-84.5037164	3073_2292
659095444119617536	37.09024	-95.712891	3050_2023
656158237608161281	40.6476682	-111.8887592	3136_1635
656022466947497984	30.375321	69.345116	2889_5984
658816919718379522	36.3585586	-76.2801677	3033_2489
652081310702305282	25.7839802	-80.2014543	2779_2395
649687237010042880	32.9029017	-96.56388	2950_2002
650484696380370944	53.9599651	-1.0872979	3455_4294
651483291430719488	32.3865312	-96.8483311	2937_1996
653361764902551556	9.081999	8.675277	2378_4528
652246132878352384	51.7520209	-1.2577263	3402_4290
651099580625387520	32.7142988	-97.1564001	2945_1988
651919372076756993	-33.0362435	-71.4758992	1367_2605
651784045983068160	None	None	None
656816022117339136	42.6425794	-73.742898	3183_2550
655060069009129473	45.0860765	-93.2632821	3242_2082
656974125081174016	41.394817	-73.4540111	3153_2557
649980549717557248	42.3211522	-85.1797142	3176_2276
660063639769112576	25.354826	51.183884	2769_5548
650582270093344768	40.7127837	-74.0059413	3137_2544
650895492927217665	44.7683909	-88.7108964	3234_2191
656255815507030016	40.9105306	-76.4764345	3142_2485
656496610030034944	42.0302494	-97.4204131	3169_1982
659832368585383936	54.9966124	-7.3085748	3480_4145
653758771580145664	37.09024	-95.712891	3050_2023
651459455448711168	-33.8981802	151.1209045	1346_7947
650051915028365312	37.0114608	-95.9352584	3048_2018
653834249183719424	36.8524545	-121.4016021	3044_1406
654293304020873217	41.8003049	-73.1211715	3163_2565
657245894216126469	36.0398183	-79.849608	3025_2404
658577328767913984	35.1168131	-80.7236804	3003_2383
651201966928859137	25.9428707	-80.1233802	2783_2397
656853144358506496	39.7589478	-84.1916069	3114_2299
652496722585890816	40.796824	-74.4801362	3139_2532
659864497553805312	54.9966124	-7.3085748	3480_4145
659098019862855684	28.5383355	-81.3792365	2845_2367
660079018855768064	27.950575	-82.4571776	2831_2341
660125416548503553	40.2115109	-74.6796651	3125_2528
656260480885915648	51.462058	-0.580836	3395_4306
659341760313688064	39.4142688	-77.4105409	3106_2462
653862392120524800	36.8524545	-121.4016021	3044_1406
650075354753814528	27.6648274	-81.5157535	2824_2364
653725222529449984	21.2810883	-157.8334837	2671_532
650085146805186560	25.7616798	-80.1917902	2778_2395
654995206991978496	41.9867507	-87.8721602	3168_2211
651007775632396288	44.0104083	-79.3154455	3216_2416
657588742954332160	9.081999	8.675277	2378_4528
655496326180835328	25.9023168	-80.2503271	2782_2394
659474756492619776	47.106401	-104.7107931	3291_1807
651782041437126660	51.4571545	-0.4112871	3395_4310
656130842415095808	40.7282239	-73.7948516	3137_2549
657382334182916097	35.4873613	-80.6217341	3012_2385
659349254390042624	50.807364	-1.899776	3379_4274
649620582233800705	55.02679	-7.17831	3481_4148
659351302087057408	42.9039476	-78.6922515	3190_2431
654355843828346880	43.694926	-79.398135	3209_2414
653775103382065152	39.4775551	-80.16714	3107_2396
651453273128439808	37.9609615	-80.6852803	3071_2384
659868342660960256	-29.7694486	30.7867129	1446_5059
652215827635290112	31.3559438	-94.717519	2913_2047
650609825898962944	40.7127837	-74.0059413	3137_2544
652476810056331264	49.465691	-2.585278	3347_4258
651811823730192385	33.8329806	-81.7996815	2972_2357
655225226956046336	39.9827436	-75.8254448	3120_2500
654299435325870080	20.593684	78.96288	2654_6215
659516427100012544	-33.7897031	150.9961267	1349_7944
654415215099035648	32.7766642	-96.7969879	2947_1997
656906812894150657	43.653226	-79.3831843	3208_2415
654271745554317312	27.0238036	74.2179326	2809_6101
656999039414747136	25.2048493	55.2707828	2765_5646
649710395448537088	-33.8885698	151.1241979	1347_7947
658760550579462144	40.6781784	-73.9441579	3136_2545
653413708216041472	-34.1103646	21.2546936	1341_4830
653994945108406273	33.854721	35.862285	2973_5181
650007850392158208	43.7615377	-79.4110794	3210_2414
651942754717569026	32.5631924	-97.1416768	2942_1989
656237257364520960	54.136836	-0.797897	3459_4301
658643152325111810	41.7361547	-81.2812144	3162_2369
660133258261196800	27.8397466	-82.7912134	2828_2333
652867951389995008	29.5111903	-98.6736944	2868_1952
658696851244367872	38.4495688	-78.8689155	3083_2427
653822864848633857	36.8524545	-121.4016021	3044_1406
654282585481195522	41.8003049	-73.1211715	3163_2565
649603337956954112	55.02679	-7.17831	3481_4148
649633674972004353	43.6771402	-79.5509328	3208_2411
650443791409655808	44.3148443	-85.6023643	3224_2266
650749316873736192	38.0405837	-84.5037164	3073_2292
652310509933449216	38.963745	35.243322	3095_5166
659803819727912960	40.2115109	-74.6796651	3125_2528
657285834970808320	42.0028761	-71.5147839	3168_2604
659687635057819648	41.9253383	-73.0840098	3166_2566
659794840893448192	None	None	None
659404297520570368	64.2008413	-149.4936733	3701_732
657531847765655552	-31.9535132	115.8570471	1393_7101
656810783456821248	25.2048493	55.2707828	2765_5646
659774718027964416	26.1224386	-80.1373174	2787_2397
657002281787891713	0.18636	6.613081	2164_4479
656831365967548416	42.1487043	-72.6078672	3172_2577
650580633803096065	40.7127837	-74.0059413	3137_2544
652500453830303744	40.735657	-74.1723667	3138_2540
658671209371037696	38.8611349	-85.1094121	3093_2277
650805891604848640	37.09024	-95.712891	3050_2023
651735222921359360	36.7468422	-119.7725868	3042_1445
650329864789225472	38.5367471	-82.6829406	3085_2336
660426185126584320	53.4807593	-2.2426305	3444_4266
652573597882454016	41.2033216	-77.1945247	3149_2467
655773014601158656	48.856614	2.3522219	3333_4376
655356036971417600	32.427908	53.688046	2938_5609
654283630617870337	27.0238036	74.2179326	2809_6101
651092408759775232	43.2500208	-79.8660914	3198_2403
654300125070761984	40.4172871	-82.907123	3130_2330
653706726294818816	41.0196446	-85.1764653	3144_2276
659352313837015041	42.9039476	-78.6922515	3190_2431
657493521138655233	48.379433	31.16558	3321_5068
654561063816445954	42.1875826	-71.3064597	3173_2609
658360037413249024	40.3806901	-74.5316938	3129_2531
651957205546086400	40.75839	-82.5154471	3138_2340
656415951634628609	51.2111975	-1.4919233	3389_4284
651899306836779008	33.7805388	-116.4668036	2971_1525
654259514963726337	30.3460331	-92.1095669	2888_2109
655104950310182912	43.653226	-79.3831843	3208_2415
659861712712003584	33.1506744	-96.8236116	2956_1996
658607668274331649	45.943161	24.96676	3263_4919
655876142772060160	32.3561848	-111.0884337	2937_1654
652332041933996032	61.0561111	-149.7972222	3625_725
657662319690952704	39.600618	-82.9460133	3110_2329
651584493640413184	38.7931699	-77.4477662	3091_2461
652209265910804480	21.3069444	-157.8583333	2671_531
655358562231828480	37.4315734	-78.6568942	3058_2432
651315870770307072	30.6163073	-92.057063	2895_2111
653622375578247168	40.0292513	-76.2967542	3121_2489
651020078977302528	41.8913621	-88.0289322	3165_2207
655169905361203201	35.9961411	-78.8935535	3024_2427
654921717534474240	61.52401	105.318756	3637_6848
650456996655710208	25.7616798	-80.1917902	2778_2395
658809806879391744	61.52401	105.318756	3637_6848
654755791543496705	27.950575	-82.4571776	2831_2341
659531614544928769	43.653226	-79.3831843	3208_2415
657387575800430593	35.4873613	-80.6217341	3012_2385
651921211300159488	30.6163073	-92.057063	2895_2111
654475929410867200	20.593684	78.96288	2654_6215
654321416087687169	52.6709819	1.3499677	3424_4352
658771904505876480	30.2240897	-92.0198427	2885_2112
656290524987453440	38.7744644	-4.8326215	3091_4204
652483367632531457	39.9002264	-80.1886304	3118_2395
652208475762634752	32.96179	-96.8291685	2951_1996
649623707292405760	41.7353062	-70.1939429	3162_2635
651779526712758272	39.729816	-84.245551	3114_2298
659543654877515776	37.09024	-95.712891	3050_2023
653986700931153920	30.267153	-97.7430608	2886_1974
652251550706892800	51.7520209	-1.2577263	3402_4290
652191188125151232	38.0684692	-78.8894682	3074_2427
652185680026599424	51.7002253	-3.0446015	3401_4247
658841385559134208	40.8115504	-73.9464769	3139_2545
655826850057486337	38.5976262	-80.4549026	3086_2389
652187640142262272	43.8561002	-79.3370188	3213_2416
650262764754206720	25.9428707	-80.1233802	2783_2397
650389873640243200	38.7881801	-92.9301265	3091_2090
655303454944956416	30.375321	69.345116	2889_5984
651055763385810944	35.5512508	-80.4064485	3013_2390
649463230016942080	-33.8075512	151.0885849	1349_7946
657352217242939392	42.3689363	-87.8271534	3177_2212
649630365167042560	43.6810826	-79.5328288	3208_2411
649620978083823616	29.7604267	-95.3698028	2874_2031
660570960253345792	29.7042999	-95.3228565	2873_2032
660183081840611328	50.0343982	19.2097782	3361_4781
650629595671199744	28.2829348	68.4364877	2839_5962
658982466250633217	31.4637723	-100.4370375	2915_1910
656381078333206529	51.3146467	-2.834983	3392_4252
651124639230353408	40.7127837	-74.0059413	3137_2544
653975803466678272	21.285002	-157.835698	2671_532
659437575720050688	36.778261	-119.4179324	3043_1454
656381050982178816	55.8891318	-3.989854	3501_4224
659414170216087552	50.902049	-3.491207	3382_4236
659778622425837568	21.512583	55.923255	2676_5662
660460226324336640	39.584733	-104.900513	3110_1802
651069094284804096	41.2306979	-73.064036	3150_2566
654296122031108096	20.593684	78.96288	2654_6215
656662707794345984	53.8419191	-3.0518167	3452_4247
655785852237455360	46.729553	-94.6858998	3282_2048
652516468005842945	19.8967662	-155.5827818	2638_586
652271164178436096	42.3384957	-71.0938271	3176_2614
655974671876268032	38.1833082	-85.7859423	3076_2261
657132476742152192	51.207085	-3.1366181	3389_4245
651945223128379392	32.6349774	-97.1150796	2943_1989
656208139075715072	29.6831402	-95.0468051	2872_2039
660210897948958720	52.739801	-1.3529659	3426_4288
656602227650359297	42.3636331	-87.8447938	3177_2212
654024324190482438	None	None	None
656906691976388608	42.7011728	-74.9380283	3185_2521
655147330417639424	41.3495126	-93.0625821	3152_2086
659797206715633664	36.9858984	-119.2320784	3048_1458
653476727092572160	50.7155591	-3.530875	3377_4235
652450431705174016	53.541883	-0.16921	3445_4316
660125841402241024	39.874167	-75.718056	3117_2503
657212837245362176	None	None	None
654971082244554752	55.378051	-3.435973	3489_4238
655485579149225985	36.7417235	-88.6367154	3042_2193
650386759864352768	42.2797554	-71.1626756	3175_2612
650345061662728192	40.2599864	-74.7909125	3126_2525
653392285267136512	-34.1103646	21.2546936	1341_4830
657568314026143744	40.4594021	-74.360846	3131_2535
653929095290601472	45.5719072	-88.9028922	3254_2186
651470111870615552	41.608635	21.745275	3159_4842
654678282177134593	49.19316	2.4687389	3341_4379
651831029867671556	32.0835407	-81.0998342	2930_2374
659909026998845441	42.9125171	-83.666758	3190_2312
656589058542555136	54.5259614	15.2551187	3469_4686
650740326211133440	38.0405837	-84.5037164	3073_2292
659387979224457216	8.4762028	-13.1951014	2363_4003
652332541802708992	51.7520209	-1.2577263	3402_4290
657524764404125696	-36.8484597	174.7633315	1276_8514
650382760478052352	42.2797554	-71.1626756	3175_2612
650773386994556929	51.54327	-0.00187	3397_4320
659026984593395712	61.52401	105.318756	3637_6848
651514260745527298	31.5687489	-93.4882951	2918_2076
649998720696582144	52.193657	-2.1963499	3413_4267
649656806478757888	61.1912745	-149.8444799	3629_724
654104561557225473	36.8524545	-121.4016021	3044_1406
652062265244524544	25.7616798	-80.1917902	2778_2395
649658284643717120	61.148343	-149.8341988	3628_724
649716013269823488	37.1305012	-121.6543901	3051_1400
650578920970915840	40.7127837	-74.0059413	3137_2544
654403106374033408	42.1875826	-71.3064597	3173_2609
657885065314045952	39.9594013	-75.9168482	3119_2498
653950558005497856	40.8859325	-74.0434736	3141_2543
660522696732639232	40.4172871	-82.907123	3130_2330
649506314935238656	44.3731103	-71.6101011	3225_2601
660162354705920000	38.8338816	-104.8213634	3092_1804
652146256463028224	40.554887	-74.4642861	3133_2533
660213103876038657	41.8781136	-87.6297982	3165_2217
656967269952581632	35.6373644	-105.9877652	3015_1776
660071637253885953	37.4716001	-121.129656	3059_1413
650032777023254528	25.790654	-80.1300455	2779_2397
649431974843678720	29.6657838	-95.0193728	2872_2040
650989067077840896	40.6781784	-73.9441579	3136_2545
658684528983195648	43.653226	-79.3831843	3208_2415
650368905274257409	44.3148443	-85.6023643	3224_2266
650660773891579904	43.8718774	-69.8136065	3213_2644
654364747484127232	29.4627365	-95.357994	2867_2031
651400902767570944	33.7489954	-84.3879824	2970_2295
650859836603691008	39.011902	-98.4842465	3096_1956
650905723002421249	38.984652	-77.0947092	3096_2470
657255612011696128	43.653226	-79.3831843	3208_2415
659849860200337408	38.5815719	-121.4943996	3086_1404
660214822387216384	25.354826	51.183884	2769_5548
656151347167821824	39.843947	-84.1246608	3116_2301
651204023987494913	35.5512508	-80.4064485	3013_2390
649945447323320320	45.1695797	5.4502821	3244_4451
651030700087508992	28.6837921	-81.4680255	2848_2365
650595483027570688	40.7127837	-74.0059413	3137_2544
657602482416263168	32.844017	-97.1430671	2948_1989
651674932057780225	-27.4472323	153.0295182	1501_7993
651851011699511296	None	None	None
654248344319995904	20.593684	78.96288	2654_6215
660368755545931776	-37.866632	145.3528758	1251_7808
649648931777835008	43.0389025	-87.9064736	3193_2210
649940894519554048	-37.5674729	143.8849017	1258_7773
651781219450028032	34.502587	-84.9510542	2988_2281
653565130790322176	39.9900653	-76.8951551	3120_2475
651038618719551488	28.6934076	-81.5322149	2849_2363
659818775919788032	41.759814	-74.5940484	3162_2530
657254101613486080	34.0633443	-117.6508876	2978_1496
659078245367861248	28.5622756	-81.3644251	2845_2367
659719193336508416	43.467517	-79.6876659	3203_2407
657390749521158144	35.4873613	-80.6217341	3012_2385
649924700643061760	56.130366	-106.346771	3507_1768
652169077440446464	47.6062095	-122.3320708	3303_1384
659420984802344961	64.2008413	-149.4936733	3701_732
652120277363621888	43.7651058	-79.3157568	3210_2416
659919973909950464	25.354826	51.183884	2769_5548
654793889241395200	47.6177761	-122.3383472	3303_1384
655154407395319808	38.8822541	-104.8109711	3093_1805
658758524025962496	30.2240897	-92.0198427	2885_2112
651487493624303617	30.5520254	-97.6365028	2893_1977
649593385372774400	47.9789848	-122.2020794	3311_1387
651496571473932288	41.2033216	-77.1945247	3149_2467
650170618176864256	26.3926665	49.9777136	2793_5519
650571068835414016	40.7127837	-74.0059413	3137_2544
660086013318946816	29.1335781	-98.1561192	2859_1964
660238514001461248	30.2240897	-92.0198427	2885_2112
651603017196793856	42.8142432	-73.9395687	3188_2545
655257243370192896	27.0238036	74.2179326	2809_6101
656939612716314624	41.8781136	-87.6297982	3165_2217
652267343167553536	40.6264875	-75.345735	3135_2512
659104296135294976	28.5383355	-81.3792365	2845_2367
652074164723912704	40.75839	-82.5154471	3138_2340
659373783908663296	34.2822134	-118.5506158	2983_1475
652672420147363840	42.2771417	-71.0913748	3175_2614
660114184479248384	34.1014873	-84.5193754	2978_2292
649985672653225984	44.1627589	-77.3832315	3220_2463
656123108282249216	-22.9068467	-43.1728965	1610_3284
655324756359696384	40.2599864	-74.7909125	3126_2525
652234954726875136	51.7520209	-1.2577263	3402_4290
649635466837401601	30.2240897	-92.0198427	2885_2112
654317823590686720	27.0238036	74.2179326	2809_6101
651147687404810242	39.1434406	-77.2013705	3099_2467
654428665598623744	43.5448048	-80.2481666	3205_2394
651134088930136064	42.5005583	-90.6645718	3180_2144
659336058266656772	39.9956193	-82.6743341	3120_2336
660147480571592705	42.3732216	-72.5198537	3177_2580
654731967385067520	34.6144313	-120.079868	2991_1438
660585870982967296	42.296797	-71.2923877	3175_2609
649660093466701824	61.148343	-149.8341988	3628_724
656505673321086977	42.3149367	-83.0363633	3176_2327
655249481890463744	30.375321	69.345116	2889_5984
654406352463261696	40.4331631	-74.1995883	3130_2539
656146748675592193	39.843947	-84.1246608	3116_2301
657933788186476545	42.3600825	-71.0588801	3177_2615
657226122845888512	36.2890341	-81.4444169	3031_2365
656801861526269952	35.6333058	-85.8738363	3015_2259
655121058555543552	43.7844397	-88.7878678	3211_2189
660525574230818816	51.5173344	-0.1828213	3396_4316
657263345825894400	38.490327	-89.793154	3084_2165
650008952940290048	43.5085145	6.9404551	3204_4487
656124659990069249	-22.9068467	-43.1728965	1610_3284
659781198089232384	32.7932676	-79.9504343	2947_2401
659547713369804800	13.1362782	-59.4605768	2475_2893
658840932528312321	None	None	None
655147939912773632	33.4151843	-111.8314724	2962_1636
652159307513884672	27.7172453	85.3239605	2825_6368
659797248843321344	36.778261	-119.4179324	3043_1454
653980161327542272	27.0238036	74.2179326	2809_6101
657263016946241536	14.9309569	-91.9099238	2518_2114
659376465226702852	50.7899369	-1.9045638	3379_4274
655878529150660608	50.964855	0.0972533	3383_4322
653417315493482496	-34.1103646	21.2546936	1341_4830
653678220655525888	41.6639383	-83.555212	3160_2315
650707663291064321	40.6781784	-73.9441579	3136_2545
651816517235904512	34.0686206	-118.0275667	2978_1487
654076405995565060	40.5161246	-122.3672187	3132_1383
651062640345640960	10.8505159	76.2710833	2420_6151
649996231716966400	43.592228	-79.704689	3206_2407
658584402474213376	35.1168131	-80.7236804	3003_2383
654155112282222596	28.0836269	-80.6081089	2834_2385
649557162063060992	55.378051	-3.435973	3489_4238
656232663490174976	42.2625932	-71.8022934	3174_2597
651892975694311424	61.2180556	-149.9002778	3629_722
649678181683884032	43.6810826	-79.5328288	3208_2411
655070171036536832	38.1911147	-85.2835377	3077_2273
649698244352606208	61.1086191	-149.8169165	3627_724
657281801048555520	37.2709704	-79.9414266	3055_2401
652850663853060096	40.904196	-74.420711	3142_2534
656841382053580801	43.6730699	-79.3365362	3208_2416
654406355214667776	40.4331631	-74.1995883	3130_2539
654295639539511297	41.8003049	-73.1211715	3163_2565
651920913051594752	32.7764749	-79.9310512	2947_2402
651917593696190464	35.0526641	-78.8783585	3001_2427
651419890130128896	39.7131223	-87.7763333	3113_2213
659742581509652480	40.6937099	-75.1901761	3137_2515
651802984934973440	41.6053266	-81.4534492	3159_2365
659420263562391553	41.5623209	-72.6506488	3157_2576
660087555656974337	29.1335781	-98.1561192	2859_1964
655444679668977664	51.4875634	-0.2643108	3396_4314
657188943645970432	24.2991738	54.6972774	2743_5633
651488381872926720	50.8617092	-4.2194821	3381_4219
656950394623520768	48.7005324	-96.1816816	3329_2012
656900787998580736	35.6080627	-97.633113	3015_1977
654328545569705984	35.5848596	-80.8100724	3014_2381
656542060661485568	40.4594021	-74.360846	3131_2535
652532112138960896	40.735657	-74.1723667	3138_2540
650875124611092480	34.4358294	-119.8276389	2986_1444
656168153047666688	39.7092262	-84.0632685	3113_2302
660513074080784384	44.674856	-74.974847	3232_2521
655067766593036288	34.4208305	-119.6981901	2986_1447
655017338119569408	32.9114162	-97.2640103	2950_1986
652996413677273088	51.454513	-2.58791	3395_4258
657247026481078272	-33.8574075	151.1385523	1347_7947
651131266276835330	61.52401	105.318756	3637_6848
653663194104250368	41.6639383	-83.555212	3160_2315
650835931272839169	-45.8787605	170.5027976	1059_8412
657696331520167936	39.9802316	-76.8119746	3120_2477
654010396391665664	36.160315	-86.4871606	3028_2244
649682463111802880	37.1305012	-121.6543901	3051_1400
653805500249739264	39.9525839	-75.1652215	3119_2516
656200405618196480	37.4469511	-77.6633342	3059_2456
652574486219259904	34.860551	-81.9534815	2997_2353
655157298617184256	27.6648274	-81.5157535	2824_2364
653657501146083328	-9.0721136	-78.5888696	1942_2434
656405266708221952	39.7092262	-84.0632685	3113_2302
656855203296235520	34.0236483	-88.4126328	2977_2198
651061316568879104	42.398619	-71.0253859	3178_2615
656100727903944705	43.3538334	-6.1765381	3200_4172
657611398973927424	37.09024	-95.712891	3050_2023
656933767706116096	37.5407246	-77.4360481	3061_2462
651201537843183621	48.0290794	13.3146056	3313_4640
651189674690539520	25.9428707	-80.1233802	2783_2397
659332844502806529	42.4387018	-71.3401284	3179_2608
651010474453151744	53.841963	-0.435093	3452_4310
651042708694433792	28.6934076	-81.5322149	2849_2363
656493205102301184	29.5059824	-98.6527793	2868_1952
652036231921057792	40.75839	-82.5154471	3138_2340
657291930410332160	27.009318	-82.0385879	2808_2351
651810621038555137	32.6648546	-117.0404125	2944_1511
652067555910156288	25.7616798	-80.1917902	2778_2395
652510955272830976	40.735657	-74.1723667	3138_2540
659366013469880320	50.7899369	-1.9045638	3379_4274
657000673226063872	34.0633443	-117.6508876	2978_1496
655116471727620096	44.2732851	-88.4499183	3223_2197
656830077632647168	45.1695797	5.4502821	3244_4451
657278818911064064	-33.8574075	151.1385523	1347_7947
651809221974061061	38.3561448	-122.6917062	3081_1375
649598567846313985	55.02679	-7.17831	3481_4148
652127988880928768	47.6765884	-122.1060106	3304_1389
649623194924511232	37.5629917	-122.3255254	3062_1384
653940387174830080	31.2914795	-85.8525616	2911_2260
651448593283289088	38.4192496	-82.445154	3082_2341
650572972269309952	40.7127837	-74.0059413	3137_2544
650654828071268352	38.984652	-77.0947092	3096_2470
660186276755173376	36.8553514	-76.1997503	3045_2491
651937909080100864	33.9532966	-117.3961192	2975_1502
652640695442927616	38.0493666	-84.2362819	3073_2298
656883120537382912	30.2735323	-91.8992837	2887_2114
656872552007122944	38.0405837	-84.5037164	3073_2292
652192038184615937	42.2946672	-71.0667382	3175_2614
656460619303026688	41.0814447	-81.5190053	3146_2364
656160037186875392	41.4199797	-73.3472684	3154_2560
657245819368660992	20.593684	78.96288	2654_6215
652405496385634304	60.128161	18.643501	3603_4767
659483692134481920	36.7468422	-119.7725868	3042_1445
660086801806303232	27.950575	-82.4571776	2831_2341
654497172881149952	42.1875826	-71.3064597	3173_2609
652029384413605888	12.9716829	77.6057293	2471_6183
654285609259786244	27.0238036	74.2179326	2809_6101
658930532294635524	30.2240897	-92.0198427	2885_2112
651008764930322433	43.7713527	-79.2347573	3211_2418
653418328891879424	-37.8333939	145.0742949	1252_7802
650858741299052544	31.7717095	-89.3470456	2923_2176
656200409044905984	32.504316	-94.5740934	2940_2050
660080013757296640	64.0736876	20.0465308	3698_4801
652111842072879104	41.8338191	-72.6826551	3164_2576
660344984441221121	40.1933767	-85.3863599	3125_2271
651835904428896256	40.8252833	-73.8865873	3140_2547
656310401173291009	-14.235004	-51.92528	1818_3074
649614533292457984	40.7282239	-73.7948516	3137_2549
659439700743090176	37.1800513	-89.6550896	3052_2168
653436265778552832	28.0836269	-80.6081089	2834_2385
656941574132076544	37.5407246	-77.4360481	3061_2462
655135817652899840	41.4759224	-75.1821189	3155_2516
650392761170919424	27.6648274	-81.5157535	2824_2364
660312813731098624	28.394857	84.124008	2841_6339
656809563421855748	54.5259614	15.2551187	3469_4686
657521994427146240	40.2599864	-74.7909125	3126_2525
657238517341376513	37.2696679	-79.9631689	3054_2401
659114507814465536	33.2191386	-96.8690488	2957_1995
659937898121273344	42.9125171	-83.666758	3190_2312
659401104359358464	39.9982136	-75.2508229	3120_2514
660259399118815232	31.3403775	-110.9342532	2912_1658
650566169196298241	40.7127837	-74.0059413	3137_2544
659083538080407552	53.99212	-1.541812	3456_4283
657570184048353280	26.698164	-80.211832	2801_2395
652509071183073280	51.6688245	-3.0203104	3400_4248
652068923232387073	25.7839802	-80.2014543	2779_2395
653937016501985280	43.492949	-1.474841	3204_4285
659693482081017856	46.818188	8.227512	3284_4517
656502708099149825	38.9085472	-77.2405153	3094_2466
652954877023399936	51.929604	1.2663819	3406_4350
659061054652026880	36.508641	-91.2925829	3036_2129
649994763584733184	52.193657	-2.1963499	3413_4267
654638027206168576	51.4890152	-2.0604576	3396_4271
656606680130580480	34.1547989	-118.6420336	2980_1473
654132354127167488	-37.9026094	145.0189024	1250_7800
660072091014864900	41.5623209	-72.6506488	3157_2576
652184649914052608	27.6648274	-81.5157535	2824_2364
654370640477097984	48.74908	-122.4781473	3330_1381
656566031935238145	45.1695797	5.4502821	3244_4451
650041862963785728	52.6399062	0.6838993	3423_4336
652440188128522241	38.3355769	-82.4854267	3080_2340
656597524996751360	34.1367208	-118.6614809	2979_1472
650042670073577472	36.1699412	-115.1398296	3028_1557
654293346039500801	40.0541445	-81.2205721	3121_2371
658572818578341888	41.5492182	-84.1416147	3157_2301
652463898537267202	33.9462125	-84.3346473	2975_2296
657314810938286080	42.4054758	-83.1879298	3178_2323
652202751028539392	34.285558	-118.8820414	2983_1467
650370243383164929	43.66447	-79.3743025	3208_2415
657324814567346176	37.232934	-77.406099	3054_2462
654420263103242240	42.1875826	-71.3064597	3173_2609
660237567800033285	40.1933767	-85.3863599	3125_2271
657184875468845056	39.7917113	-74.9896621	3115_2520
653999408795660288	36.160315	-86.4871606	3028_2244
657253408487964672	-33.8574075	151.1385523	1347_7947
650014440113332224	32.9326611	-97.2270856	2950_1987
656152963803541504	-22.9068467	-43.1728965	1610_3284
651662868874596352	35.2793141	-81.234302	3007_2370
650609230513373184	28.2829348	68.4364877	2839_5962
650047277541797891	56.4906712	-4.2026458	3516_4219
652492102383861761	40.735657	-74.1723667	3138_2540
651429254069137408	43.5546032	-79.6976077	3205_2407
656105533729062912	64.2008413	-149.4936733	3701_732
651139890638249984	42.398619	-71.0253859	3178_2615
657246836411994112	35.2270869	-80.8431267	3005_2380
654704459419807746	36.1539816	-95.992775	3028_2016
658071997491093505	34.106863	-118.2874196	2979_1481
654054592490024960	43.492949	-1.474841	3204_4285
655975680497360896	38.1833082	-85.7859423	3076_2261
651856319020859392	30.3960318	-88.8853078	2890_2187
657231438228639745	37.2696679	-79.9631689	3054_2401
654399731028901888	43.653226	-79.3831843	3208_2415
654396464316219392	48.74908	-122.4781473	3330_1381
651947658785898496	40.1192546	-75.2362381	3123_2514
657673149648105472	39.9594013	-75.9168482	3119_2498
650030131277381632	27.6648274	-81.5157535	2824_2364
650781893504331776	48.379433	31.16558	3321_5068
655169905361203201	35.9961411	-78.8935535	3024_2427
652235705444249604	51.7520209	-1.2577263	3402_4290
653578270680584192	43.5890452	-79.6441198	3206_2409
654980253857660929	30.375321	69.345116	2889_5984
653971271844265985	21.2810883	-157.8334837	2671_532
650373914174971904	42.2797554	-71.1626756	3175_2612
650750622891798529	41.6393199	-90.6393702	3159_2145
659722660281057280	53.7608608	-98.8138763	3450_1948
660126299059412992	23.2599333	77.412615	2718_6178
651908576022261760	30.8365815	-83.9787808	2900_2305
659440005257949184	36.7529337	-119.8222085	3042_1444
659444120927080448	45.5546081	-76.671725	3253_2480
651103226247430144	26.1224386	-80.1373174	2787_2397
652429220166000641	51.7520209	-1.2577263	3402_4290
654396130243903488	38.963745	35.243322	3095_5166
650574429764784132	38.984652	-77.0947092	3096_2470
651325581758464000	58.595272	25.013607	3566_4920
652499413433229312	40.735657	-74.1723667	3138_2540
651833550543679489	40.7123777	-73.944034	3137_2545
651810445146390528	41.6053266	-81.4534492	3159_2365
651184092617117696	36.7280583	-108.2186856	3041_1723
649655286618263553	37.0208865	-93.2060163	3049_2083
655022533415170048	38.7622383	-77.4618075	3090_2461
650568553335144448	40.7127837	-74.0059413	3137_2544
651791421448568832	38.2009055	-84.8732835	3077_2283
656370296694394880	55.378051	-3.435973	3489_4238
656253637694529536	38.8809451	-77.3008172	3093_2465
658501925072039936	43.1873634	-77.5841024	3196_2458
650007132792877058	25.9428707	-80.1233802	2783_2397
654714519604740096	39.2873463	-76.964306	3103_2473
652377053250093056	51.6656175	-3.0175015	3400_4248
655420486126542848	36.7417235	-88.6367154	3042_2193
659721736322027520	43.16103	-77.6109219	3196_2457
659780382288572416	40.8370495	-73.8654295	3140_2547
652789594967146496	33.1547649	-93.5886488	2956_2074
651882566526459904	61.2180556	-149.9002778	3629_722
660189816806629377	35.5174913	-86.5804473	3012_2242
656159024564469761	29.6831402	-95.0468051	2872_2039
651955591745658880	-38.2199828	145.0389461	1243_7801
650005465380732928	52.193657	-2.1963499	3413_4267
656822766805475329	37.369091	-95.3760271	3057_2031
654607261730340864	39.0595465	-77.0595599	3097_2471
659896637960024065	38.5815719	-121.4943996	3086_1404
652462037721677824	42.3370413	-71.2092214	3176_2611
649442684906573824	32.427908	53.688046	2938_5609
651439285468577792	43.7264859	-79.5605152	3209_2411
655851366007635968	39.6841921	-84.15039	3112_2300
660213310068023297	52.739801	-1.3529659	3426_4288
658930214513344512	34.378542	-83.4643551	2985_2317
649625091731492864	42.1821109	-83.7454983	3172_2310
649713212640751616	34.802075	38.996815	2995_5256
656858880140406784	-14.235004	-51.92528	1818_3074
651104775765917696	42.398619	-71.0253859	3178_2615
658652629862498304	42.4072107	-71.3824374	3178_2607
657243811182198785	36.0398183	-79.849608	3025_2404
652810362849390592	31.9685988	-99.9018131	2927_1922
652051112049176576	50.847972	-0.716345	3380_4303
652254533683298304	40.7127837	-74.0059413	3137_2544
656734634185785344	25.2048493	55.2707828	2765_5646
659394989307351040	37.9739511	-84.2387029	3071_2298
657234942439608320	37.3860517	-122.0838511	3057_1390
651839150463811585	33.5138073	36.2765279	2964_5191
652122611950964737	46.887605	2.572022	3285_4382
657250102638018560	42.3600825	-71.0588801	3177_2615
650589485420298240	38.984652	-77.0947092	3096_2470
651429880303874048	44.8274784	-106.9589464	3236_1753
660209410074148864	41.8781136	-87.6297982	3165_2217
657294069224329216	25.8820398	-80.2419935	2781_2394
659424539395411968	51.4616867	-0.0065639	3395_4320
657635614976815105	41.735405	-71.46936	3162_2605
651418916338561024	43.8041334	-120.5542012	3211_1427
654956780854755328	30.375321	69.345116	2889_5984
658677483626176512	53.7608608	-98.8138763	3450_1948
652510953217503233	34.860551	-81.9534815	2997_2353
652670548435181568	42.3600825	-71.0588801	3177_2615
659448948675907584	64.2008413	-149.4936733	3701_732
655155122817904642	43.0494572	-88.0075875	3193_2208
654279596410564610	27.0238036	74.2179326	2809_6101
655572741614084096	50.7111639	-2.441181	3377_4261
656703771569860608	53.4329349	-1.1093635	3442_4293
656923005067612161	42.8864468	-78.8783689	3189_2427
655021218224041984	40.6259316	-75.3704579	3135_2511
659050940830457857	52.6376429	-1.0643551	3423_4294
654295639539511297	41.8003049	-73.1211715	3163_2565
650867824475303936	39.025918	-76.6750938	3097_2480
653360836308668416	35.9131996	-79.0558445	3022_2423
660130259312898048	42.4072107	-71.3824374	3178_2607
651288356450496512	64.2008413	-149.4936733	3701_732
649623200255442945	37.5629917	-122.3255254	3062_1384
656217272734887936	46.428968	4.664555	3274_4432
653673256214331392	40.0339429	-74.4617313	3121_2533
659802260755492864	19.0759837	72.8776559	2618_6069
654357516038635521	40.66903	-73.562512	3136_2554
651117380039389185	27.7495308	-82.7620537	2826_2334
656194261168160768	-22.9068467	-43.1728965	1610_3284
654027441866997761	39.9956193	-82.6743341	3120_2336
649685259240517633	51.5465063	-0.1058058	3397_4317
655781904092897280	43.8561002	-79.3370188	3213_2416
656648394807472128	25.2048493	55.2707828	2765_5646
658661616595161089	61.52401	105.318756	3637_6848
652907459753979908	35.9250637	-86.8688899	3022_2235
656496438797574145	26.1224386	-80.1373174	2787_2397
653998646791401472	33.854721	35.862285	2973_5181
659803103835779072	28.2252898	-81.3169462	2837_2368
655529240901910528	35.8303405	-80.0712596	3020_2398
654178162574667776	30.3460331	-92.1095669	2888_2109
657201299675414529	24.2991738	54.6972774	2743_5633
649639993879588865	43.0389025	-87.9064736	3193_2210
649989814629048320	44.1627589	-77.3832315	3220_2463
654261235492368384	27.0238036	74.2179326	2809_6101
649688387495034881	34.0633443	-117.6508876	2978_1496
656550620938280960	34.1669596	-81.577357	2980_2362
651071697022402560	40.5892339	-80.22506	3134_2395
659807470156537857	34.0625106	-118.1228476	2978_1485
658795764932546561	43.684707	-79.42156	3208_2414
654149763810525184	51.015344	-3.106849	3384_4245
659101858120736768	42.6026359	20.902977	3182_4822
653964396142698496	30.267153	-97.7430608	2886_1974
651402438100975617	35.9101438	-79.0752895	3022_2422
651801182659330048	25.304304	-90.065918	2767_2158
659468612558716928	50.807364	-1.899776	3379_4274
657605792389079040	32.7838234	-93.0684565	2947_2086
659846890863927298	36.1626638	-86.7816016	3028_2237
658360502775451648	34.4133292	-119.8609718	2986_1443
651814534492000256	33.8329806	-81.7996815	2972_2357
656171500215603200	39.7092262	-84.0632685	3113_2302
651822201969221632	33.8329806	-81.7996815	2972_2357
652595678275760128	35.9131996	-79.0558445	3022_2423
651764104110149632	49.7016339	-123.1558121	3353_1364
649557385162440704	40.4218954	-105.1156305	3130_1797
651223364464304128	41.2306979	-73.064036	3150_2566
656492852436967425	29.0881387	-80.9297597	2858_2378
659353244305526785	50.807364	-1.899776	3379_4274
652297989113909249	38.963745	35.243322	3095_5166
659446545708744704	45.5546081	-76.671725	3253_2480
659540075596931076	32.7592955	-97.7972544	2946_1973
654653399003062272	42.0028761	-71.5147839	3168_2604
650753157694390272	40.2170534	-74.7429384	3125_2526
651040219785854977	33.7174708	-117.8311428	2969_1492
651417673323016192	37.2173919	-91.0314099	3053_2135
654008740572721152	56.0012966	-3.4040035	3504_4238
653948486778548224	32.1656221	-82.9000751	2932_2330
652243677251829760	51.7520209	-1.2577263	3402_4290
657062513578610688	23.684994	90.356331	2728_6489
654002715010441216	33.1506744	-96.8236116	2956_1996
658591400288788480	43.1303407	-77.475551	3195_2461
653981871496237056	52.6583014	-0.639643	3424_4305
652527847374909440	34.860551	-81.9534815	2997_2353
650115964286054400	37.1305012	-121.6543901	3051_1400
657613868680679425	52.1359729	-0.4666546	3411_4309
656597524996751360	34.1367208	-118.6614809	2979_1472
655415861977546752	36.7417235	-88.6367154	3042_2193
654688863114280960	43.100903	-75.232664	3194_2514
651901629218689024	31.57934	-87.8373908	2918_2212
659341696296230916	50.7899369	-1.9045638	3379_4274
654852810211635202	-41.2864603	174.776236	1169_8515
659766695909683200	28.6139391	77.2090212	2847_6173
652194410927554560	-41.4410164	147.1352255	1165_7851
655459497687683072	19.1780429	72.9785353	2620_6071
650141973110611968	36.591052	-95.940971	3038_2017
656810675587653632	37.5756089	-89.8539929	3062_2164
654011134714900480	43.492949	-1.474841	3204_4285
651159944771702784	43.7742087	-79.2950198	3211_2417
649720460184190976	37.5629917	-122.3255254	3062_1384
658494970672869376	25.354826	51.183884	2769_5548
651027069363716096	43.653226	-79.3831843	3208_2415
655303760109961216	42.2917069	-85.5872286	3175_2266
652213262398808064	21.2839048	-157.8012673	2671_533
657633594395889664	42.51954	-70.8967155	3180_2618
650108993424228352	25.9428707	-80.1233802	2783_2397
656704931697561601	53.4215693	-1.2194206	3442_4291
659018970897489920	41.5623209	-72.6506488	3157_2576
652150969501794305	36.9017137	-76.2781593	3046_2489
650584464612040705	40.7127837	-74.0059413	3137_2544
655119557372178432	43.7844397	-88.7878678	3211_2189
649707358944428032	40.782016	-76.1240224	3139_2493
660255520436019200	31.3403775	-110.9342532	2912_1658
655589489142665216	41.8780025	-93.097702	3165_2086
652450273848197120	51.4011931	-0.6558216	3394_4304
655124746481377280	41.1355022	-82.1942138	3147_2347
652165880554524672	25.7839802	-80.2014543	2779_2395
653919074272083968	41.4286141	-81.7624826	3154_2358
655125985055014912	43.0389025	-87.9064736	3193_2210
652064559658856448	25.7839802	-80.2014543	2779_2395
655047611892633600	40.8370495	-73.8654295	3140_2547
655784418250985472	43.692856	-79.2971411	3209_2417
652586765211987968	38.5815719	-121.4943996	3086_1404
658535036061405184	43.653226	-79.3831843	3208_2415
657602098465406976	41.1259715	-73.959494	3147_2545
652150087330607104	40.75839	-82.5154471	3138_2340
652131395364524032	39.1579217	-77.2850439	3100_2465
655413019581808640	36.7417235	-88.6367154	3042_2193
652889133367599104	47.6587802	-117.4260466	3304_1502
659068597440917504	64.2008413	-149.4936733	3701_732
652464570691375104	33.9462125	-84.3346473	2975_2296
649596745547141120	42.732535	-84.5555347	3186_2291
651779523843854336	40.9813629	-91.5383996	3144_2123
649560554747461633	37.5629917	-122.3255254	3062_1384
649579638033940480	39.9263379	-76.606611	3118_2481
659076292776697856	28.5383355	-81.3792365	2845_2367
650367114956697601	32.6781085	-117.0991967	2944_1510
651022285004902400	25.790654	-80.1300455	2779_2397
659053736686428160	36.508641	-91.2925829	3036_2129
657508984732131328	52.056736	1.14822	3409_4348
651798519943184384	38.2009055	-84.8732835	3077_2283
655179433360433152	43.80234	-79.312368	3211_2417
654181602788929536	-37.9026094	145.0189024	1250_7800
651991868188721152	40.75839	-82.5154471	3138_2340
657236102558826496	37.2709704	-79.9414266	3055_2401
659887297941397505	33.1506744	-96.8236116	2956_1996
654330979734065153	39.4862126	-77.3519285	3108_2464
654364544228265984	48.74908	-122.4781473	3330_1381
654752400423555072	None	None	None
659111700298354688	34.8053244	-82.2113766	2995_2347
658446227592245248	40.6337136	-74.4073736	3135_2534
657235007652634624	36.0578164	-79.8281226	3025_2404
654328525902712832	36.1771365	-81.713405	3028_2359
651047491274563584	28.6934076	-81.5322149	2849_2363
658767390478438400	40.0790378	-93.6273335	3122_2073
649628227800035328	44.3148443	-85.6023643	3224_2266
650352763419893760	38.602046	-80.7034296	3086_2383
658627370514042880	44.2311717	-76.4859544	3222_2484
656617910807367681	-36.8484597	174.7633315	1276_8514
656546942839721984	35.2827524	-120.6596156	3007_1424
652061145709326336	40.75839	-82.5154471	3138_2340
650804054638071808	37.09024	-95.712891	3050_2023
649620793966530561	55.02679	-7.17831	3481_4148
650582624629596160	38.984652	-77.0947092	3096_2470
657400647822651392	35.4873613	-80.6217341	3012_2385
660247324048818176	40.8259007	-74.2090053	3140_2539
651434398768852992	32.7764749	-79.9310512	2947_2402
659460116526321664	39.9982136	-75.2508229	3120_2514
652512115417329664	34.860551	-81.9534815	2997_2353
658294992553811968	45.1695797	5.4502821	3244_4451
657291547176665088	33.4269728	-117.6119925	2962_1497
655287772643614721	None	None	None
658646782277238785	27.9899545	-82.7519831	2832_2334
655084840426086400	37.2295733	-80.4139393	3054_2390
657329238501036032	42.3689363	-87.8271534	3177_2212
660093709132947456	29.1335781	-98.1561192	2859_1964
649602791854448641	50.7280705	-1.8339403	3377_4276
652651715662098432	35.6676209	-97.5603104	3016_1979
658500439957250048	41.9667703	-71.1869963	3167_2612
652235377894297608	40.6781784	-73.9441579	3136_2545
649999478284525569	32.9029017	-96.56388	2950_2002
651897029271126016	38.2009055	-84.8732835	3077_2283
654258080557977600	41.4286141	-81.7624826	3154_2358
659461067366490112	36.7468422	-119.7725868	3042_1445
657954722188566532	43.7178201	-79.534318	3209_2411
652122895787888640	47.6765884	-122.1060106	3304_1389
650027493055967232	43.653226	-79.3831843	3208_2415
658394658633043969	51.015344	-3.106849	3384_4245
651818158639026176	28.5547225	-81.106452	2845_2373
651952426581266432	38.2009055	-84.8732835	3077_2283
650408340061818884	52.7189747	-6.8503703	3425_4156
651784756275900425	38.2009055	-84.8732835	3077_2283
652360585598869504	39.5081617	-105.5005286	3108_1788
651505641794764801	32.3865312	-96.8483311	2937_1996
656909196567445504	39.75543	-84.0564774	3114_2303
656374341513273344	33.0362016	-85.0503818	2953_2279
653327616750026752	34.802075	38.996815	2995_5256
651872180251201536	30.9761769	-96.2341122	2903_2010
652147724331040769	47.6765884	-122.1060106	3304_1389
650483076154310656	32.715738	-117.1610838	2945_1508
660208058497376256	4.570868	-74.297333	2270_2537
651739768372523009	25.304304	-90.065918	2767_2158
659875725391110144	-29.7694486	30.7867129	1446_5059
654750476718620672	38.0405837	-84.5037164	3073_2292
658801078440345600	64.2008413	-149.4936733	3701_732
654582613747732480	52.2429228	0.7104932	3414_4337
655331312706830336	61.52401	105.318756	3637_6848
651762456608571392	33.7805388	-116.4668036	2971_1525
653691350949474305	39.6067789	-75.8332718	3111_2500
652846059589210112	40.3572976	-74.6672226	3129_2528
659330594988396544	42.4387018	-71.3401284	3179_2608
651641345094737920	56.4906712	-4.2026458	3516_4219
652731076708798464	41.7131202	-71.4888016	3161_2604
655181258755080192	40.756064	-81.517308	3138_2364
650185937687699456	44.1627589	-77.3832315	3220_2463
658770126301450240	30.2240897	-92.0198427	2885_2112
659834096168792064	64.2008413	-149.4936733	3701_732
654637666667884544	27.1472976	94.9003315	2812_6598
654072422249951232	43.492949	-1.474841	3204_4285
659423813986185216	32.2979504	-111.2334002	2935_1650
649996283801899009	43.7371041	-79.3150073	3210_2416
654980561618866176	30.375321	69.345116	2889_5984
656851905696657408	42.6425794	-73.742898	3183_2550
654073617001656321	40.2599864	-74.7909125	3126_2525
651433204998647808	31.9685988	-99.9018131	2927_1922
651072391465041920	42.398619	-71.0253859	3178_2615
649680197650919424	43.6204946	-79.5131983	3207_2412
659056664562286592	42.4691543	-92.281017	3179_2105
653716356534169600	21.2713418	-157.7731728	2671_533
651841839025266688	30.3960318	-88.8853078	2890_2187
650166389920010240	25.790654	-80.1300455	2779_2397
653914035658838016	51.4873918	0.0270025	3396_4321
656232171095642113	40.0659434	-75.8141044	3122_2500
659407788162969600	64.2008413	-149.4936733	3701_732
650435173117521920	43.6768947	-79.4893456	3208_2412
653888437922189312	37.6994178	-122.4002543	3065_1382
654312617746518016	40.1525347	-79.6726632	3124_2408
657233714817044480	37.2709704	-79.9414266	3055_2401
649687384523710464	53.6857742	-1.7315536	3448_4278
651431845184303105	30.6163073	-92.057063	2895_2111
650582349512634368	40.7127837	-74.0059413	3137_2544
656560992617234432	25.7244732	-80.2666454	2777_2394
654293050236252160	41.8003049	-73.1211715	3163_2565
651804688636084224	30.287963	-81.738761	2887_2358
656839397095018496	25.8575963	-80.2781057	2781_2393
651474686870601728	37.6871761	-97.330053	3064_1984
652446242107207680	35.9250637	-86.8688899	3022_2235
651840935878262784	32.6648546	-117.0404125	2944_1511
651061300236124161	33.6306476	-84.2015433	2967_2299
660424292115587072	40.1933767	-85.3863599	3125_2271
651105656968056832	36.7682088	-76.2874927	3042_2489
659811579353915392	32.7932676	-79.9504343	2947_2401
652905447754715137	43.7058584	-79.5265755	3209_2411
651193585119858689	39.7961614	-86.1591437	3115_2252
660181068922810368	38.831784	-104.8117711	3092_1805
651910068019965952	30.3960318	-88.8853078	2890_2187
656443466768064512	51.815606	-0.8084	3404_4301
652155129873829888	40.75839	-82.5154471	3138_2340
651586029661626368	33.8164266	-116.401241	2972_1526
650407945683927040	27.6648274	-81.5157535	2824_2364
656601690817171457	-32.1741015	115.8476453	1388_7100
654596720832065536	62.2786475	12.3401708	3655_4616
655159712397160448	41.1355022	-82.1942138	3147_2347
660077844706500612	64.0736876	20.0465308	3698_4801
660124637599256578	27.8672061	-82.7869399	2829_2333
656804486787309569	38.7240679	-77.0904661	3089_2470
651169314007965696	47.0007724	-122.7942141	3288_1373
656887308914810880	30.9842977	-91.9623327	2904_2113
651933576141762560	40.1192546	-75.2362381	3123_2514
652593599037632512	35.3859242	-94.3985475	3009_2054
654851679385317376	-41.2864603	174.776236	1169_8515
659078887301869568	42.8694093	-77.4247991	3189_2462
654651533783494656	30.2697854	-94.2332285	2886_2058
652139910082662400	42.1850309	-79.8264074	3172_2404
651958042846621696	41.4266349	-87.9991371	3154_2208
649606296166113280	41.1302781	-85.0127106	3147_2280
651829559898308608	38.2009055	-84.8732835	3077_2283
657725834724319232	42.3600825	-71.0588801	3177_2615
652251673662988288	51.7520209	-1.2577263	3402_4290
653652391955271680	32.4918429	-93.790218	2940_2069
656676552738889728	35.3812311	-80.7602394	3009_2382
652501357950275585	37.09024	-95.712891	3050_2023
650846693680787456	-45.8787605	170.5027976	1059_8412
649586030169997312	49.7016339	-123.1558121	3353_1364
652451690822672384	26.7153424	-80.0533746	2801_2399
654275338160205824	45.1695797	5.4502821	3244_4451
659337098269294592	37.09024	-95.712891	3050_2023
660004523453214720	38.5815719	-121.4943996	3086_1404
654159969831493632	30.2735323	-91.8992837	2887_2114
657936843590258688	40.8926703	-76.7977061	3141_2477
652293226477387776	50.964855	0.0972533	3383_4322
660373171648880640	17.385044	78.486671	2577_6204
653925115521036288	42.8604312	-105.6640013	3189_1784
660277530373595136	43.653226	-79.3831843	3208_2415
652804485862006784	33.7489954	-84.3879824	2970_2295
660169476105756674	52.739801	-1.3529659	3426_4288
653972983665438720	21.285002	-157.835698	2671_532
656958365336252417	38.9750475	-85.5844778	3095_2266
651785747482066944	32.7764749	-79.9310512	2947_2402
656137042401865732	36.5784991	-118.29226	3038_1481
659420750303109120	37.09024	-95.712891	3050_2023
649614603845009408	37.9509636	-121.2434056	3071_1410
654694434043334656	36.1539816	-95.992775	3028_2016
652864943604277248	52.1306607	-3.7837117	3411_4229
650741684205166593	38.0405837	-84.5037164	3073_2292
658545390057336832	33.7489954	-84.3879824	2970_2295
658759330456539136	30.2240897	-92.0198427	2885_2112
659435939362529280	36.7529337	-119.8222085	3042_1444
660130135778140160	27.8397466	-82.7912134	2828_2333
649703348279607296	22.2331041	-97.861099	2694_1971
654680440461070337	36.0584021	-90.4973286	3025_2148
654070867354234882	33.1506744	-96.8236116	2956_1996
656890657282334720	42.1487043	-72.6078672	3172_2577
659287083769397248	35.9262633	-84.1484886	3022_2300
655088398093279233	31.7148768	-106.398489	2921_1766
651754001797545984	23.634501	-102.552784	2727_1859
656776797699358720	35.3812311	-80.7602394	3009_2382
649689097158660096	34.0633443	-117.6508876	2978_1496
654270894353874944	37.7128023	-77.506593	3065_2460
652538718687916032	44.0152559	-123.0232166	3216_1367
650382157173534720	44.3148443	-85.6023643	3224_2266
656977280066015232	43.653226	-79.3831843	3208_2415
659398726876839936	32.2987573	-90.1848103	2935_2156
656563035205533697	46.9809247	-123.8893348	3288_1347
657533791934640128	52.056736	1.14822	3409_4348
651399021731409920	37.7104324	-92.6774197	3065_2096
656178163148460032	40.6084305	-75.4901833	3135_2508
651765434518212608	23.634501	-102.552784	2727_1859
652129101663334400	45.4032289	-72.7340662	3250_2574
657355535860277249	37.0298687	-76.3452218	3049_2488
656164423497814017	43.708301	-79.390004	3209_2415
654010471293390849	33.8352932	-117.9145036	2972_1490
653259655016263680	34.412912	-84.1435136	2986_2301
654639376048238593	45.5230622	-122.6764816	3253_1376
654459557624827904	20.593684	78.96288	2654_6215
653995927452131328	33.854721	35.862285	2973_5181
651490121313816578	43.653226	-79.3831843	3208_2415
652096219410399232	38.2009055	-84.8732835	3077_2283
652381866125754368	53.72702	-1.85754	3449_4275
654369850924511232	48.74908	-122.4781473	3330_1381
657754002457763840	38.9071923	-77.0368707	3094_2471
650089081624367104	35.1304047	-118.0036139	3003_1488
655561449763401728	38.1833082	-85.7859423	3076_2261
649548261511024641	52.3555177	-1.1743197	3417_4292
655429470468202497	36.7417235	-88.6367154	3042_2193
659354456576790528	37.8715926	-122.272747	3069_1385
657290030797430784	35.0526641	-78.8783585	3001_2427
653659670058418176	40.177327	-75.275205	3124_2513
